31 -8
28 -11
20 -8
8 -24
51 12
1 -3
48 -30
27 -15
30 -5
64 -27
18 0
33 -9
37 -23
30 -30
1 12
58 -13
37 -12
42 -5
28 7
63 15
28 30
7 -16
23 -28
35 3
2 -16
45 -8
45 -6
38 23
38 -16
52 20
16 -13
1 13
1 11
1 -5
12 1
17 -21
36 -18
29 -21
78 1
19 -12
63 -30
49 11
4 1
40 -18
36 -1
22 30
47 -12
1 0
7 29
33 1
44 1
29 18
21 -9
2 23
42 9
1 -20
20 17
37 -30
39 -12
51 7
32 29
39 25
10 24
50 -14
8 5
1 8
44 0
21 30
11 4
28 -6
1 12
10 2
1 15
1 -15
28 -30
30 12
3 16
32 -30
19 6
25 12
16 3
1 5
13 10
70 30
22 8
1 -12
18 1
62 30
9 3
38 30
23 -1
23 -5
25 -8
15 -5
16 -30
39 4
34 -9
26 15
18 -9
15 -5
56 -1
63 8
1 -12
43 18
40 8
6 24
1 7
1 11
15 -30
56 30
17 4
6 -5
36 30
1 15
21 -1
16 6
1 -12
35 -9
11 -30
34 23
34 -15
38 -20
1 3
24 0
34 27
12 -1
52 -29
36 30
31 -22
1 4
28 -29
1 5
31 -8
28 30
12 -24
17 -11
11 -2
28 -1
11 -3
34 -11
16 -7
19 6
45 24
62 1
28 -17
38 -23
27 3
20 30
39 3
42 9
24 15
19 -18
52 -2
37 11
1 12
30 4
1 -25
8 -1
18 -30
26 30
20 30
38 -30
15 8
3 -15
18 0
25 -8
14 0
44 -6
25 3
1 27
1 -3
6 10
43 -6
28 9
1 -30
1 12
31 -13
51 -7
37 -30
24 17
1 -30
34 -8
31 -21
30 -15
50 -9
70 -10
33 -10
52 2
13 -18
22 30
27 -27
40 -13
2 -9
31 10
1 -29
57 24
44 30
3 14
21 15
27 13
37 -23
30 -17
17 -30
65 -14
1 -6
12 -1
40 -15
1 -7
45 -24
65 -5
23 23
32 22
12 -3
7 0
1 2
12 4
29 -16
67 -20
27 22
48 1
14 -16
35 2
1 -14
43 2
52 24
22 -28
54 -2
7 -3
13 6
8 5
46 -26
50 5
26 18
1 -1
18 10
1 -8
47 -16
31 -8
26 -1
41 17
8 -2
10 -19
23 -30
1 0
25 15
1 -23
2 28
19 30
10 29
3 1
1 -7
22 -8
55 -24
45 3
27 -12
68 8
43 13
25 18
5 -8
1 19
31 8
44 22
16 26
42 17
45 -28
40 30
37 1
43 -9
6 -17
46 -22
8 28
10 22
48 1
11 28
67 0
5 4
17 2
5 18
1 -23
46 10
65 27
36 2
22 16
2 -6
25 5
15 -23
31 27
28 -16
30 -4
32 30
22 8
64 -7
62 -30
1 11
24 -13
30 -17
9 16
10 -25
29 -28
27 -4
1 13
40 -17
12 -2
44 -30
8 -5
28 5
26 15
1 13
43 -29
25 4
12 1
40 -9
10 -30
33 -12
25 18
1 -21
23 -30
8 -19
16 -9
27 24
17 15
62 17
38 -9
19 14
50 9
19 20
33 3
11 -14
27 30
11 -26
19 -30
8 -29
38 7
35 0
68 30
1 -5
7 27
23 -9
26 7
19 -13
55 -19
44 1
26 4
53 9
32 8
3 -7
54 2
43 17
44 -18
42 18
53 14
1 -26
24 4
1 4
27 16
22 -25
31 -22
49 -19
41 3
12 30
46 13
10 -4
13 -30
23 1
22 6
61 15
1 14
29 -6
39 -22
81 18
45 0
22 30
5 -27
1 7
43 24
13 1
25 -23
42 -5
13 2
21 13
17 4
46 13
15 -3
18 -15
12 -17
1 -9
30 -16
19 4
36 -8
22 8
19 -16
1 9
34 -15
18 30
2 -1
1 -2
7 30
32 0
1 6
26 -24
39 -3
27 26
2 4
31 6
59 20
50 -2
1 1
4 6
23 -13
32 12
17 27
32 29
16 -30
28 -5
49 -29
11 0
36 -30
56 -26
69 -8
8 -16
9 -3
46 -29
48 -10
1 0
8 21
41 -2
64 16
25 7
11 -5
49 -19
40 -4
25 26
49 21
46 16
68 22
1 10
1 3
21 22
33 -11
47 30
45 -30
36 9
13 26
1 5
35 -25
64 -14
12 -16
10 16
41 -14
1 17
42 -9
1 24
18 10
23 -8
19 -13
55 10
12 4
14 -29
12 0
8 -23
53 23
10 25
37 14
44 -21
34 4
1 12
28 -14
61 1
19 -1
1 25
65 -15
2 0
18 -6
6 -22
48 -24
1 -30
16 -17
7 25
10 7
66 4
31 24
19 7
1 14
45 3
23 -16
24 26
40 -13
22 22
35 -3
38 -27
10 -19
21 -12
53 -30
8 29
79 -5
20 -7
38 30
7 6
38 15
1 -5
34 4
51 -5
60 2
38 -27
74 -13
41 28
15 -30
11 30
29 12
1 9
41 -11
36 -15
16 30
42 10
59 -14
2 13
44 -12
42 -30
23 -7
28 10
40 30
35 30
39 -23
40 -30
12 16
35 20
53 -30
58 -13
17 -12
28 24
31 3
35 -30
12 11
1 -5
24 -27
25 3
6 17
12 -28
35 -4
27 -1
1 -14
1 -1
31 30
48 -28
1 -23
1 17
10 18
3 -1
7 29
1 17
27 -30
45 -30
21 -18
54 -2
33 -21
27 -3
44 14
30 0
1 -1
24 24
28 25
14 6
7 -6
25 -5
34 11
38 30
38 29
26 17
17 0
32 4
12 -4
1 21
66 12
1 -8
34 30
49 -30
27 2
22 4
18 -30
39 -1
32 30
43 -27
15 -30
28 -29
88 -19
35 -14
27 -15
6 9
1 1
25 1
17 -14
28 19
3 26
19 25
18 -23
19 -22
40 12
21 -8
38 -17
1 -8
24 8
30 30
1 -8
8 12
9 -12
69 -29
38 -2
42 0
50 -2
1 0
17 -18
28 -17
32 -10
50 -5
47 -15
27 0
16 1
42 2
1 2
35 18
65 0
1 16
17 12
1 3
5 -30
56 -30
21 10
31 -30
39 23
40 -13
29 -16
2 10
12 21
59 16
21 2
63 -30
48 -21
1 -8
51 -20
1 7
8 1
55 30
4 4
34 -24
31 -22
17 0
31 13
33 -1
1 30
8 0
34 20
5 -9
38 3
15 23
37 -1
45 -30
33 30
10 30
6 20
12 11
52 -5
41 0
27 -1
36 -23
37 30
67 30
41 30
23 -18
12 -9
27 16
23 -30
58 30
20 0
35 -14
55 24
15 30
42 3
1 -9
5 -11
39 4
9 -10
20 -3
37 30
39 -15
24 -10
93 -3
33 -20
23 -6
72 -1
10 6
51 12
9 25
41 6
27 14
1 -7
11 -30
25 -14
42 1
45 30
17 4
13 -29
10 22
31 25
42 -3
6 -13
52 13
1 -30
10 3
17 27
4 -14
22 -6
2 3
1 30
19 -20
31 21
38 1
6 1
3 -3
46 -15
20 -30
1 -1
28 7
20 -17
18 8
22 14
24 14
1 12
17 14
14 -14
14 23
40 13
1 -20
24 -30
21 -13
36 -25
22 20
27 -4
10 -22
20 24
6 14
45 3
19 -30
1 1
34 16
27 -30
20 -4
43 -3
17 10
54 -30
23 30
19 -17
34 -2
7 -13
7 -30
48 -30
8 9
24 17
1 8
9 -30
10 -25
3 29
29 2
20 -10
11 21
23 30
1 4
35 -30
1 6
11 8
1 3
26 -4
24 -30
15 -11
55 8
75 12
1 -22
1 0
1 -11
39 -23
32 16
63 -12
7 9
1 10
35 -23
48 -19
10 30
61 -21
27 7
64 20
2 -2
24 -7
19 12
43 -11
33 14
23 1
12 -30
1 -8
1 14
25 -30
8 -14
28 -6
55 6
22 -30
16 -4
14 11
1 3
21 -4
23 17
39 12
22 -10
28 -22
34 17
25 7
10 15
41 -1
56 30
21 -30
1 12
36 1
43 -13
31 5
16 23
55 24
42 2
28 3
1 -1
17 30
40 -9
25 -12
10 -19
33 6
47 16
9 -30
24 30
11 4
25 30
18 19
31 -17
20 -30
44 13
31 13
8 -24
56 7
38 -5
18 -2
5 -24
29 20
29 5
49 -30
1 30
56 18
58 30
22 15
18 13
25 -30
38 4
35 15
2 24
24 -14
21 -30
60 -11
45 2
36 -7
40 15
37 -2
19 1
47 8
1 1
33 12
17 22
40 -12
16 2
33 23
1 0
59 14
17 2
22 9
1 -4
41 -6
19 -3
34 -15
26 8
22 -5
10 30
18 -16
29 21
23 30
8 -3
65 -24
9 20
1 -14
11 7
28 17
65 30
1 -11
35 8
39 5
43 14
39 8
12 -23
54 7
10 -30
35 -30
46 20
22 -8
57 -1
21 21
7 -7
13 30
43 18
43 -28
56 0
9 30
4 -30
13 0
3 -9
37 17
32 12
35 -6
1 7
59 6
12 8
10 24
64 6
15 15
1 1
23 21
1 -12
26 0
65 -16
37 -4
10 22
8 -6
32 -30
41 7
30 7
1 25
52 7
30 -22
20 -4
42 28
16 -30
52 -3
26 -14
42 -8
19 30
1 -6
13 -7
7 -18
20 -1
1 -6
61 4
79 -30
15 -16
15 4
19 14
31 -7
49 -24
1 0
13 9
17 9
12 -8
19 -11
33 2
8 -13
16 -23
20 13
2 -18
31 -21
33 17
3 -16
23 -30
1 -19
12 -19
51 -4
14 0
25 -28
45 -30
6 -8
12 30
21 0
22 0
34 17
43 21
1 -14
35 -24
48 22
34 10
36 -3
1 -7
1 15
1 20
36 7
17 1
1 -17
18 -5
24 7
3 -30
36 -12
1 7
1 7
41 3
10 10
25 -27
14 9
3 14
22 -24
41 -30
16 30
53 16
34 -30
47 -5
43 -13
29 16
2 -27
27 -16
51 -24
63 -8
35 -15
22 5
57 -22
1 18
10 -8
21 -16
65 -12
12 -5
31 0
1 15
2 -29
44 30
25 30
58 30
8 3
56 7
35 1
6 0
24 14
27 -23
13 3
65 -4
1 28
25 -30
7 -30
86 12
68 30
37 -20
44 -8
54 30
7 -11
34 1
25 30
1 22
28 30
31 17
26 30
31 -19
8 -26
38 1
5 -19
6 1
40 1
44 -13
54 -7
30 26
49 1
38 -1
25 -4
1 10
29 -28
27 30
35 5
37 16
16 -2
10 -15
22 -7
21 21
34 -30
28 -2
1 -2
6 -30
22 3
23 15
42 -10
38 0
44 -8
2 29
5 9
14 8
12 -30
18 30
22 -30
35 19
1 12
2 30
1 29
19 12
25 14
29 17
45 -11
1 -12
55 17
27 -3
13 2
37 13
15 0
3 -11
22 -20
19 -28
22 -15
12 -8
41 2
18 7
1 12
23 -30
1 10
28 3
21 -7
6 30
32 10
33 -2
1 -4
1 -3
25 -8
34 -30
29 2
40 19
29 9
34 -11
18 -28
42 26
30 -2
1 -24
3 -8
21 -8
32 21
1 14
1 0
58 -30
18 30
70 5
7 -11
6 -9
7 -17
24 -27
52 -20
51 -19
7 -3
1 30
1 -2
10 30
87 -26
19 -25
4 0
4 -1
36 8
46 -8
21 0
36 14
10 14
1 -8
35 11
26 -16
66 -8
3 -24
83 1
18 0
64 -4
21 -5
7 12
31 4
41 -14
22 0
4 15
23 30
14 -6
5 5
36 7
1 -17
25 -6
39 15
25 2
1 10
18 15
46 -2
49 10
22 30
30 18
19 -17
6 -28
58 4
1 -7
1 -19
37 -5
6 -13
17 4
41 -13
39 30
31 8
22 20
42 -10
23 -7
19 25
32 -21
35 11
34 -5
48 14
48 19
21 2
1 -4
25 30
4 -13
38 0
29 -25
50 0
17 -16
32 -29
23 -10
33 30
39 -15
14 2
23 0
29 -17
1 14
57 -21
12 -21
35 30
39 4
31 -11
29 9
71 -1
25 29
7 -26
36 -2
63 -1
10 30
34 -17
8 17
49 -28
3 29
9 10
35 3
53 7
58 -19
21 9
34 -7
38 -24
33 18
38 -6
27 -1
44 -17
56 30
43 -11
18 -22
1 10
26 -4
20 -30
40 22
17 7
44 4
61 11
49 30
52 11
1 1
1 7
17 -21
4 -26
1 10
62 30
10 9
1 -12
80 -13
31 16
31 4
27 16
1 30
21 14
36 -20
2 21
34 24
1 2
50 -20
52 5
10 28
2 -7
16 -20
60 -30
20 -24
71 13
45 17
17 -29
29 1
38 13
50 -13
62 -17
24 -4
39 30
28 7
1 7
18 -26
20 30
4 -17
43 15
32 -8
23 30
19 -30
37 22
29 3
10 -21
35 -11
6 9
27 -30
16 24
35 -10
20 23
26 -5
52 0
16 13
1 30
25 0
31 -10
8 25
53 30
48 10
24 -6
28 12
23 -28
39 12
8 12
1 30
25 30
29 30
27 30
1 0
14 1
24 -30
40 -15
38 1
8 -26
9 -13
12 -30
20 18
39 1
30 -17
45 -30
8 -14
1 -30
72 13
7 29
1 -18
56 15
22 0
14 15
1 1
50 10
40 -26
15 9
22 -28
1 18
46 9
6 10
24 -2
9 -6
25 -30
12 -23
23 4
23 30
5 -20
26 -8
12 -2
9 -30
24 -16
13 10
1 18
11 25
28 13
33 5
52 14
11 -2
33 3
24 11
16 -28
41 -2
33 -1
26 21
26 27
37 18
41 -6
43 -2
24 -19
26 2
28 6
29 26
53 30
28 -12
9 6
1 -2
34 -29
48 -28
30 -20
21 -21
41 18
37 16
68 -27
11 -16
44 -30
29 4
17 -18
84 5
1 -12
16 25
29 -23
1 30
35 30
30 12
1 -16
59 -16
30 29
36 17
22 3
56 -18
54 -29
30 9
1 -19
54 17
1 -12
27 30
22 -5
27 26
13 30
28 -30
59 2
6 -26
1 -5
46 9
18 -6
3 21
27 -20
51 0
23 -4
23 13
22 -16
14 -5
1 -12
44 -20
18 -30
2 24
47 -6
32 -4
8 -29
23 0
37 15
34 30
48 17
22 8
5 -30
22 9
1 0
42 -26
11 17
45 4
25 27
32 -3
51 8
34 4
57 22
1 22
28 -9
33 24
38 3
9 -19
29 25
11 -30
29 0
40 -27
29 30
76 -6
1 29
26 30
65 3
7 -27
28 6
5 -6
66 -1
55 24
50 -30
10 -16
1 30
43 -21
27 -17
46 10
1 -21
22 14
26 -5
1 12
12 1
39 28
41 6
1 -4
54 -7
17 20
1 -2
11 13
1 0
36 7
48 30
36 -30
46 -30
13 7
8 2
13 -20
49 -22
43 16
33 -8
39 -14
12 9
44 20
4 10
61 -9
8 -7
1 -1
71 30
48 -5
68 5
15 19
19 30
50 12
25 -30
35 23
57 18
49 -10
38 3
31 -9
28 -19
20 8
33 14
1 -14
49 7
25 -20
48 -21
26 -6
27 15
57 -21
21 25
9 -4
43 3
79 1
18 30
30 -11
13 -3
10 25
22 30
35 17
29 -30
44 15
37 4
1 -30
9 6
26 -5
51 -19
25 -8
37 30
44 -30
13 12
14 -17
7 -18
11 4
18 -7
42 -12
24 -30
65 -16
14 -30
25 5
3 -6
1 -14
5 -4
9 30
51 -10
41 23
43 10
25 -27
8 -17
30 -10
1 -25
1 -5
41 -2
38 -14
35 20
5 -12
29 30
22 -1
34 -8
36 16
8 9
29 -6
36 10
55 -7
66 10
35 6
10 1
9 -10
32 -5
45 -14
32 10
20 4
10 30
11 -16
33 -29
11 -18
1 -30
1 -3
1 1
1 -18
22 -7
26 -30
29 -20
1 -15
2 30
52 4
68 1
15 0
4 -11
49 -26
15 30
25 0
39 30
1 -9
17 18
13 -25
13 8
47 3
5 12
5 -5
59 30
1 16
14 -15
29 -18
37 8
36 -3
32 7
1 14
20 9
19 2
14 11
38 -3
77 24
1 -8
27 -16
1 30
15 7
30 -4
48 -7
1 12
4 13
42 2
13 -3
38 5
1 -29
10 6
36 -3
32 -15
1 -13
16 -30
5 30
21 0
49 -21
40 0
1 10
33 1
1 -5
13 -4
46 -6
1 1
1 -17
64 0
43 10
1 30
37 -7
7 0
38 1
59 -14
9 -21
1 24
31 -30
11 -13
8 -5
45 -8
1 -24
59 -9
43 -8
33 -25
75 30
44 -2
36 -18
8 30
1 -14
27 14
1 12
5 0
16 16
24 21
61 -27
58 -28
85 30
8 -23
23 30
20 -15
41 -16
13 1
26 30
18 15
4 -22
8 4
38 30
34 -13
13 -14
29 -23
10 -11
1 -25
1 1
24 26
33 16
59 10
1 -8
15 30
30 30
1 3
7 27
19 -2
28 -2
29 -19
39 -24
26 30
5 -24
2 20
32 30
40 5
1 -25
42 10
12 -28
1 -27
39 -11
27 20
12 22
10 -27
7 -25
46 -17
27 9
18 -14
1 -27
22 16
24 -4
45 -30
41 12
42 -30
14 -10
21 -5
58 10
11 -8
18 -4
22 -19
1 -4
34 11
39 27
36 -3
34 27
55 14
37 25
18 1
29 3
61 -30
15 2
1 28
23 19
40 6
15 -30
54 16
47 5
37 30
21 8
42 -2
20 10
16 17
68 19
37 2
26 7
15 15
46 -12
47 2
42 -16
19 -27
1 -3
31 3
1 9
31 30
64 1
1 8
30 27
58 -23
1 8
55 0
18 16
34 -12
18 -11
10 -12
31 -8
23 12
17 -5
71 1
1 -14
1 10
5 22
1 -6
55 4
2 30
28 29
9 5
2 6
31 -1
26 21
23 24
30 -13
36 11
19 2
22 8
29 17
27 5
23 19
28 11
12 -18
35 3
17 16
33 30
2 15
32 -10
20 9
37 -25
39 26
16 -4
59 -30
34 22
50 -30
8 -11
40 19
76 8
36 30
18 -9
55 7
48 -17
46 28
23 16
19 -11
14 -29
1 5
18 -6
33 -24
20 8
54 -15
1 -4
68 -2
7 14
8 30
13 26
1 6
44 -5
74 -3
27 29
28 24
7 8
22 20
12 0
21 30
31 -18
21 -16
11 0
48 0
4 11
41 -22
1 5
48 30
1 30
16 -2
14 -23
33 0
20 -4
11 -4
1 -30
52 -2
8 1
12 17
1 6
33 -19
7 8
30 6
7 -27
10 -18
36 -4
47 -6
24 11
20 -10
7 9
1 -17
1 7
43 16
25 14
32 7
24 11
6 16
60 -17
12 1
1 -30
21 -16
32 -13
20 29
24 30
1 28
31 -13
19 -11
17 30
23 18
7 27
2 8
24 30
50 -2
15 1
19 5
19 -30
14 -14
1 -4
1 -23
31 13
33 -16
1 -3
40 26
23 -19
1 8
1 -7
25 10
9 1
59 -11
50 -27
28 -3
23 -3
1 -17
33 2
50 12
1 -30
61 23
34 12
1 -26
6 26
1 2
41 -23
49 -6
7 -30
48 12
1 -11
34 -21
37 -11
11 1
1 -30
35 3
62 -12
19 14
1 7
11 19
51 6
18 -16
35 9
26 4
41 -23
9 -27
11 4
41 -22
1 20
7 0
38 9
28 5
38 15
18 4
7 -4
24 -30
9 30
73 5
40 29
22 -7
23 18
27 27
12 -7
1 -12
48 -7
33 1
22 0
64 20
27 -30
29 -3
35 29
33 7
41 -11
1 -4
34 20
18 -28
12 -16
34 19
1 -21
22 -5
7 -7
22 2
1 -1
36 11
32 -7
24 30
13 -30
32 -18
29 21
1 -30
1 -9
32 -9
49 12
48 5
1 3
7 30
1 -2
13 -17
11 0
8 18
26 -13
1 -19
57 -21
1 16
8 -11
30 -30
14 13
34 -1
32 13
11 21
24 5
18 8
3 -13
13 9
56 5
36 29
10 -30
51 -2
33 -3
22 15
26 4
56 3
48 1
24 -20
27 3
33 -13
40 -2
1 -2
53 15
31 21
66 -18
30 24
72 -13
48 29
5 30
7 -30
24 -18
70 6
12 22
17 17
32 -22
24 2
25 -20
65 -6
22 -16
1 -30
39 -30
17 20
17 8
16 -30
57 30
51 -6
56 -9
33 19
1 4
29 14
1 30
32 10
34 -22
30 -13
38 -3
1 13
51 15
1 -20
35 1
46 7
12 -1
36 18
14 -16
26 7
1 15
24 -15
1 30
28 -12
39 -8
24 -21
16 27
3 -26
9 -2
43 -29
29 -19
18 4
33 2
43 30
17 -20
1 -14
36 9
15 6
49 -1
28 7
1 24
26 -1
61 3
26 11
1 -26
5 11
40 29
1 -16
47 -21
49 -20
9 0
8 -30
16 10
4 13
38 -12
1 20
18 -30
24 7
14 0
18 8
23 -1
29 -16
15 -15
1 16
6 17
13 30
9 -20
18 8
34 0
24 10
16 5
38 15
44 21
34 -9
28 25
7 -21
7 25
30 21
31 29
17 5
1 14
29 -18
1 -24
37 6
54 19
43 1
28 -1
61 7
1 -18
38 30
36 8
55 -1
19 -18
1 7
4 -12
14 -21
51 2
39 14
9 -20
17 -6
1 -2
39 20
21 -24
3 0
38 -10
36 2
32 6
40 -7
3 -6
40 13
46 -9
33 3
29 -5
40 1
1 12
16 -4
3 -13
39 0
28 15
26 -30
2 30
19 7
64 -4
8 0
31 -4
52 -22
31 -20
24 -1
24 3
41 -6
52 9
29 -13
29 -25
29 4
35 5
1 -5
40 -8
35 -20
12 4
8 -6
10 -30
24 11
1 -12
1 -25
1 0
1 -11
62 28
13 27
36 30
1 -4
21 17
16 -1
47 10
1 30
44 13
46 3
1 -16
58 -5
38 -1
25 -7
31 -9
37 -10
41 -26
56 -13
24 30
55 -24
36 29
10 -17
2 22
1 -29
1 -28
38 13
28 5
20 -10
1 15
53 -22
9 9
25 -30
35 11
55 -30
43 0
1 -18
21 21
1 -3
1 -16
4 -16
28 -16
22 6
17 5
3 6
24 -2
13 12
1 0
36 3
40 -15
14 18
25 8
44 -22
54 -19
49 -19
18 29
55 10
1 -5
1 8
28 18
32 -18
52 10
13 -4
23 30
35 -11
15 -6
12 6
36 -25
21 -12
23 -1
38 -19
8 25
20 -30
13 -18
44 -2
87 6
9 30
18 8
1 -7
7 5
41 30
20 10
8 7
29 -30
29 -22
19 -24
46 21
36 17
16 2
1 -3
42 -30
15 11
17 -26
29 2
4 -29
6 20
11 -7
15 2
32 25
32 13
63 -10
41 -4
17 12
36 10
1 15
33 -7
1 -17
11 -29
67 -11
1 2
34 16
1 -15
41 30
1 0
16 -30
24 -15
23 8
33 -27
42 30
26 -8
38 30
5 -14
15 -30
4 5
14 11
34 -12
24 17
36 2
51 -16
42 -11
22 22
34 13
9 -9
31 15
39 22
43 19
35 5
31 30
45 -14
43 16
90 10
1 -9
43 -17
42 -30
13 -2
9 13
46 -29
1 -8
37 0
21 1
41 -28
9 -7
21 8
33 10
34 -11
9 1
10 20
62 -5
35 6
20 6
6 30
36 27
1 29
23 -27
2 -8
67 19
20 6
1 6
55 18
1 0
9 17
35 -15
21 -17
31 30
1 12
33 -8
41 -12
34 -8
19 -5
50 -5
9 -6
81 30
1 -25
15 -2
27 30
56 -1
36 6
29 -4
20 4
6 26
5 29
1 9
55 -9
1 -9
1 4
10 -30
12 -30
21 17
3 -14
10 -14
23 30
36 11
19 -4
1 -2
12 0
1 -19
32 15
1 18
11 -22
32 -3
17 30
52 2
19 -9
1 -5
4 5
31 -26
23 23
30 12
24 15
3 17
25 30
37 8
27 -1
64 -8
13 -11
19 12
6 -6
28 10
31 3
33 30
46 -3
10 3
42 -30
1 -17
1 -13
47 -2
1 7
1 -13
1 8
27 -5
37 0
33 30
39 1
45 -1
1 8
20 -30
55 -25
30 25
11 0
41 -6
37 0
1 3
19 -30
47 10
1 -5
31 -26
12 10
14 -2
19 -25
7 0
40 7
66 -11
1 2
6 -14
15 -25
25 28
10 8
70 24
1 17
43 -10
7 8
15 30
1 3
1 6
41 1
24 21
52 13
8 -4
1 -30
6 -22
32 -5
40 -30
45 21
16 3
13 0
4 -26
21 -27
36 -30
53 1
33 -13
16 -7
8 24
77 -8
35 -30
25 -22
45 8
25 30
35 30
1 -16
1 -8
37 -30
24 15
3 -20
28 -6
1 -4
25 -27
24 -10
57 -4
1 -28
38 30
26 -7
27 12
1 -9
1 -7
1 27
40 17
9 0
32 18
35 27
33 13
49 -6
32 -28
15 -3
48 15
42 10
27 -6
1 8
7 0
1 24
41 0
1 -23
6 30
47 -5
28 25
29 -1
19 -9
50 4
1 -8
13 1
39 1
15 30
1 -15
55 -23
11 5
37 -24
48 15
60 15
36 -3
46 -14
11 -30
5 -3
9 30
10 -4
37 0
10 -14
7 14
14 1
18 29
5 30
48 12
48 16
31 28
11 -8
23 -1
5 -15
1 -16
27 22
7 10
1 -14
50 30
24 -30
23 -12
20 30
19 16
11 11
24 15
9 0
1 3
20 -30
6 13
16 -27
33 -30
4 1
22 30
26 12
6 -30
48 12
29 -26
26 -12
26 10
24 -28
26 2
28 30
6 12
31 16
48 2
2 -27
65 13
8 28
33 3
11 -3
15 -30
42 6
33 16
24 6
50 -14
40 -6
40 -2
9 6
14 -19
32 4
16 0
14 0
45 27
26 30
42 -28
7 24
36 0
20 -6
13 -30
20 18
63 -19
20 17
27 30
1 -8
4 13
18 30
9 18
42 -5
54 25
9 -29
1 10
44 11
43 9
34 -16
1 4
18 -30
30 -22
31 -10
35 30
23 0
1 -30
30 19
13 -30
55 14
4 30
50 -3
22 1
35 -29
4 -29
1 21
18 -4
29 18
34 -17
51 11
1 -24
48 24
1 -8
1 -6
33 -3
44 7
42 -12
24 -3
1 -29
31 7
1 24
12 21
19 12
44 -7
12 -30
53 -19
51 30
13 -15
9 17
23 -30
25 26
43 -4
33 -7
15 -24
10 -6
33 -10
60 -16
1 30
7 -1
25 -6
32 -3
2 -15
22 3
35 2
1 1
1 14
34 0
33 -30
45 -2
29 -30
54 -27
43 12
14 22
55 -17
15 0
9 -29
76 9
59 -9
1 -14
9 5
34 17
72 -24
8 4
48 17
28 1
51 -2
47 -23
35 24
1 21
6 -9
3 -5
38 30
19 -7
12 17
1 14
36 -8
38 26
37 5
17 -28
18 -23
13 -7
50 -9
51 6
42 -8
17 -30
12 16
33 2
45 -13
1 -17
13 -13
15 -6
30 20
35 20
40 -2
13 -2
18 5
41 28
22 26
45 7
11 10
23 4
11 3
1 -16
1 -20
45 -5
18 19
24 -16
23 1
54 -12
31 30
1 12
26 -8
54 1
15 -2
58 -8
6 23
25 -3
34 13
2 7
28 13
1 -19
18 12
22 -26
26 30
52 -12
29 7
30 -14
39 -1
24 30
25 -1
32 0
30 8
1 5
24 30
50 30
1 0
23 0
35 -2
1 0
22 22
25 -30
45 -3
7 -28
35 -5
49 -30
2 -11
24 13
30 9
26 -10
16 7
23 0
24 -14
26 -30
10 0
6 -29
22 -24
20 -11
36 -4
18 3
31 7
12 8
18 26
60 6
30 -4
43 4
51 -6
10 25
54 7
4 24
34 1
91 0
32 -10
52 -30
40 -14
8 5
38 21
31 15
47 3
35 -12
40 -1
9 21
16 -11
57 -5
1 5
30 -9
52 1
12 2
41 2
1 -6
1 -1
35 0
1 -17
20 20
1 -12
25 -26
38 30
34 3
45 19
41 -30
4 -30
25 -1
16 4
11 -4
1 14
1 2
14 7
1 -22
42 17
47 14
20 -1
48 -14
46 1
21 15
33 -13
1 10
22 -23
29 -18
40 -2
8 8
53 6
69 19
18 -1
1 -13
63 1
15 -29
1 -23
28 2
37 6
18 -30
23 -23
21 -5
48 -19
1 6
20 30
46 -1
54 -25
1 13
19 -14
22 -14
53 -9
29 6
2 25
42 20
24 0
46 -30
32 12
5 -24
36 15
1 2
27 -30
67 5
21 -25
16 -30
15 -21
61 -8
48 16
42 -13
28 30
10 7
45 -21
5 -1
1 -5
42 -14
1 20
1 -5
14 -30
67 -24
28 -11
5 -10
12 11
32 25
1 6
11 21
7 7
35 3
13 -23
41 10
1 0
16 -9
1 -30
36 30
57 -5
53 -2
1 -6
31 -6
51 7
44 12
34 19
1 -26
28 9
29 13
49 -5
4 14
35 11
52 30
21 -16
29 -3
19 28
1 -11
51 -23
10 -30
26 -23
44 -26
14 -20
30 7
41 5
4 20
38 14
4 27
33 3
12 -18
20 30
60 3
66 13
1 13
51 -8
10 16
25 19
36 -21
41 -7
1 30
26 -11
44 5
27 22
57 -9
1 -21
45 1
48 -1
57 19
53 18
35 16
1 28
1 8
1 -17
42 12
11 -25
30 -21
11 -30
7 -14
30 -9
19 20
7 19
54 -30
29 4
44 30
20 -7
1 4
23 0
1 20
1 8
20 0
26 20
13 6
35 12
16 -12
22 -5
50 10
86 -4
55 1
20 -12
27 5
59 30
18 13
61 16
41 -19
34 -11
31 13
36 -10
47 22
23 24
50 -30
48 -16
33 17
38 0
36 11
48 30
29 -9
20 -15
1 21
32 30
1 12
1 -30
54 -14
17 -30
43 5
1 23
23 -5
26 27
23 -18
25 -30
6 11
50 8
38 5
29 2
1 30
60 0
32 -19
24 -18
16 -11
27 -1
64 8
24 -9
56 -30
55 -13
49 -11
15 5
31 -5
18 -30
56 27
2 9
21 18
36 1
10 -9
35 30
31 12
24 18
31 30
1 12
31 11
30 -18
35 -7
12 30
9 -4
19 -11
10 -5
24 -18
56 19
39 -21
60 -30
10 -7
34 20
20 -4
4 -15
42 -26
19 -8
11 -6
1 30
48 9
7 24
41 -25
25 -5
20 7
18 -3
21 16
30 -20
3 -6
32 0
19 13
10 30
26 -3
62 -6
1 15
37 26
1 -26
1 22
35 4
80 11
46 13
1 -3
34 30
39 -2
58 20
18 30
25 30
1 6
1 30
52 25
36 -14
59 3
17 1
39 -18
14 -5
1 -30
25 3
61 -15
31 15
3 18
52 -20
19 -17
47 1
36 20
5 -22
38 14
32 -20
36 18
31 6
11 2
9 1
23 0
25 -12
29 -10
29 7
53 13
42 9
27 -1
28 -21
16 -15
12 -30
1 -14
21 -8
24 -4
15 19
40 -11
20 -7
34 2
41 -6
40 -7
50 -21
33 -12
9 -7
24 -5
20 30
32 -30
1 -4
1 30
30 23
5 0
29 22
65 -25
35 4
30 5
32 -18
29 -21
13 30
1 15
1 -30
15 -14
12 -5
46 -16
7 3
35 3
34 -18
32 -3
23 -12
28 -20
53 8
28 -28
31 7
48 -30
32 16
27 29
46 -30
11 -30
42 3
41 -3
53 -22
8 -21
15 -4
10 -16
26 -19
41 -30
6 -5
28 0
43 -16
22 16
48 2
10 19
25 4
9 0
37 3
1 -30
6 27
13 10
40 -7
6 -30
5 -3
3 -1
22 7
14 16
39 -8
55 1
30 -10
40 30
58 -6
41 -17
1 -23
11 5
6 -2
30 7
13 1
13 30
40 25
1 -6
31 26
1 -15
1 -2
1 -7
45 28
19 14
1 -9
64 30
42 0
31 -12
23 -30
1 -30
27 -16
1 3
1 22
32 -30
26 1
33 30
59 -30
18 24
1 -22
9 1
13 30
4 1
67 7
1 24
4 0
34 -20
46 8
38 0
24 9
48 0
16 3
41 -6
57 13
27 -1
27 0
16 -18
14 30
4 30
1 0
1 8
22 -6
10 18
54 -5
33 19
19 -19
9 3
8 -21
27 9
32 -30
33 -15
45 -30
1 -27
11 -13
1 -23
41 4
22 30
50 -14
47 19
36 4
15 30
27 -25
26 4
23 -7
24 -20
12 24
24 28
38 -30
5 -14
1 0
24 12
30 -11
44 26
23 8
1 20
16 6
15 -2
37 30
1 15
1 -11
1 23
8 -17
54 11
29 30
25 -5
9 -4
30 30
13 -3
1 8
15 16
47 12
13 -10
41 -20
12 -14
1 28
22 -25
59 -1
27 -18
40 -30
49 4
37 -25
45 1
2 -30
59 12
19 20
20 30
1 30
34 16
1 -23
17 30
30 17
25 0
20 6
75 20
19 -14
49 -19
42 -17
1 -25
18 15
31 -2
16 -30
24 -10
59 13
21 -7
31 -16
19 9
43 -15
1 21
1 -9
43 -1
1 -30
1 3
35 -15
9 -20
20 4
31 18
17 -10
22 -15
52 -26
54 28
1 -9
46 -3
7 -21
3 16
52 -26
23 19
3 -18
22 -8
19 -16
72 -12
13 -1
43 -30
53 13
26 -10
32 -19
13 0
1 5
24 -24
1 30
23 -7
18 -6
14 -1
34 -15
35 -5
50 -30
22 -30
23 16
1 -6
29 12
42 14
31 24
1 26
29 6
59 -13
8 2
33 -12
23 -1
1 30
35 -4
20 30
30 -19
63 3
34 12
28 -10
24 30
28 -6
53 -26
28 29
1 30
62 -15
21 30
22 5
1 -9
5 0
43 -9
1 11
27 -5
19 27
45 3
25 -30
27 9
1 23
44 -27
10 -21
1 -4
28 25
17 -6
23 17
5 12
36 30
1 -1
36 -19
12 11
34 -16
35 -14
23 -19
71 -29
52 -7
10 -30
58 7
31 -20
29 0
6 -13
13 -6
7 -6
31 -8
67 -2
18 0
11 -25
46 15
38 -2
30 15
15 -4
12 -21
1 0
1 -15
3 16
76 3
30 -22
14 -30
14 -14
26 16
1 2
67 13
1 5
29 26
7 9
43 3
21 0
48 -11
37 -17
9 19
19 0
54 -19
39 -16
44 -12
25 -30
55 -16
33 -6
15 -17
41 30
32 9
49 -14
16 30
17 5
46 -15
27 -6
48 12
1 -10
25 -4
21 30
9 3
48 -30
1 -9
19 8
42 17
31 -11
18 0
39 -30
30 28
38 -1
33 15
1 -11
9 0
3 -13
62 -30
11 5
45 14
82 -17
25 0
30 -7
28 16
24 -30
67 4
35 1
1 17
13 30
7 -5
31 -13
47 -6
28 -17
20 -17
19 -16
30 29
28 6
33 -30
19 3
16 -4
1 2
30 -24
31 19
33 3
17 -20
38 -1
25 1
41 -19
25 -13
1 10
47 1
38 13
12 -14
1 -8
27 20
40 -5
30 -10
1 -6
15 14
25 -11
44 -10
52 3
13 -25
20 -12
34 8
67 10
19 21
40 8
1 7
35 -2
53 8
7 -15
17 17
29 -10
33 11
44 -27
9 -5
25 -3
23 20
38 -23
19 -12
2 -3
45 7
41 -25
33 -19
39 30
1 -12
43 -1
45 19
35 26
19 2
62 5
32 18
28 -8
26 -13
46 27
25 -17
36 -7
22 -6
1 0
12 19
14 -11
1 -22
47 3
23 19
16 13
41 -4
67 24
24 -16
35 11
34 -6
17 13
1 4
60 -9
65 -12
29 -13
27 -30
1 23
33 6
38 -24
33 -13
41 30
44 -30
1 12
11 -6
12 30
54 -30
32 0
51 -30
32 -22
22 -6
47 9
24 13
9 -21
23 -4
1 -23
14 4
26 -6
27 -30
48 -17
28 27
18 -7
36 5
12 8
26 3
25 -5
15 30
30 -18
65 -14
17 11
63 8
38 -1
26 30
32 -30
23 20
28 12
43 8
14 -3
25 1
37 22
10 -30
1 -2
10 -19
6 -1
46 5
1 3
23 -21
16 30
28 14
65 -30
70 -30
2 11
1 -30
46 12
21 -14
2 17
1 -12
27 -15
66 -2
46 2
31 24
20 -22
49 5
22 4
24 0
28 30
11 -26
30 12
23 -18
34 -15
49 30
55 -19
1 -4
11 3
25 -1
1 5
30 16
7 13
49 -18
29 -13
52 17
14 -12
34 -30
18 20
73 30
22 -17
29 -5
41 -14
33 30
5 -5
51 -24
8 -30
51 -25
46 7
1 5
38 12
40 -20
1 -9
31 7
16 -30
25 30
1 -3
28 3
14 30
45 -9
33 -30
38 30
47 -4
5 -6
33 3
8 9
35 8
2 2
29 -27
1 2
11 -27
1 -30
25 0
62 18
39 17
22 11
33 -19
11 -2
39 -13
38 -12
13 15
39 -13
20 21
16 0
5 -16
50 13
45 -18
35 0
20 30
12 12
16 11
13 21
58 -13
37 -14
44 -20
51 -10
41 2
32 1
1 -6
25 -14
51 26
42 15
22 5
19 20
50 -14
23 -19
47 7
1 4
27 3
24 12
1 -2
39 -11
45 8
22 -10
6 14
45 -5
37 8
7 23
12 0
20 0
14 -16
4 13
4 11
28 15
83 11
26 8
1 30
79 20
36 30
7 14
22 30
1 30
28 -7
2 -6
30 1
55 -15
4 5
1 -8
41 5
1 -17
23 6
3 -4
11 -23
22 15
18 -5
1 -28
45 11
1 1
41 17
1 -6
7 -20
36 -23
1 30
9 18
30 8
30 -13
6 -16
41 1
51 17
24 -30
34 -30
15 18
40 -3
40 13
33 14
10 0
15 28
2 12
48 29
34 -10
37 -7
30 -5
13 -9
45 -9
19 30
40 -12
36 -1
1 -12
33 -12
26 -5
65 30
73 -5
1 29
20 7
22 11
40 -8
35 4
56 -12
16 30
46 -14
1 10
4 -29
16 -8
28 10
15 -25
18 -11
32 -2
4 28
16 17
29 10
41 6
32 11
27 25
45 10
44 -1
1 -5
28 2
26 17
5 6
12 8
25 -15
45 -4
29 -30
19 2
70 30
21 -2
1 23
33 2
25 -11
45 25
47 -1
10 29
31 30
4 27
6 8
22 24
1 16
45 -11
9 -19
96 -9
8 -18
5 30
39 0
39 7
30 27
11 11
25 30
1 29
20 -11
9 9
1 -2
35 -10
22 7
1 -4
8 14
47 -8
7 16
3 -14
8 0
15 -4
53 -12
71 2
54 30
28 -4
48 -23
27 18
62 21
31 30
1 -30
37 6
24 -30
49 -29
41 6
29 -9
27 6
23 21
15 6
9 24
30 16
1 23
28 20
24 -11
20 9
43 -3
45 -30
16 6
30 -30
23 -5
32 -6
1 23
51 22
1 21
14 -30
35 14
44 -20
24 11
24 8
30 24
41 18
6 30
40 -30
28 6
10 8
1 18
1 -4
30 -4
59 -15
13 -10
17 -21
1 22
39 -9
42 -13
22 22
44 30
42 -27
56 5
38 -21
39 0
30 15
41 -28
25 -6
17 12
1 17
41 25
9 -13
25 1
53 6
5 28
15 -21
55 20
25 -12
36 25
33 -24
26 9
43 -5
31 -1
37 19
36 16
25 -20
1 13
1 3
27 -10
48 -7
33 -6
83 -21
27 -5
27 30
4 18
3 -29
40 -28
30 29
39 0
40 -19
46 25
22 11
34 -8
1 0
31 -12
22 30
35 1
1 9
34 28
21 29
22 -27
11 -12
1 1
1 0
11 -12
4 -5
37 -30
14 18
20 -3
20 -7
46 7
32 3
1 30
3 -7
8 -8
32 29
34 14
41 -10
43 5
1 -1
52 -29
29 19
31 21
45 -12
1 13
55 -20
24 -4
55 4
42 -30
18 3
1 -30
14 -30
52 -16
8 0
49 -30
38 10
25 -30
1 0
19 -16
25 -8
42 -6
3 -8
23 20
40 23
15 30
49 -19
20 -5
27 30
54 -7
30 15
24 -21
58 -19
1 22
14 11
31 25
7 14
3 0
25 -30
4 7
1 1
26 2
22 -29
28 -3
38 30
6 10
17 26
21 24
1 -5
79 6
21 -14
20 -25
31 -15
75 30
56 0
12 18
1 12
67 -30
5 -3
19 10
39 -5
11 -22
54 30
26 -9
1 -16
33 30
69 -3
22 -13
14 -14
3 2
28 30
9 -28
59 -29
8 25
31 -1
1 19
55 1
14 14
31 1
9 -19
53 4
45 28
1 21
32 12
11 6
1 30
25 -27
1 26
1 18
1 0
1 30
6 24
19 -12
45 -6
14 -25
42 1
18 10
23 -16
24 -15
11 30
31 -8
12 -30
29 30
20 0
10 -10
29 14
62 -14
15 21
54 11
36 19
15 -12
45 13
12 30
23 6
25 3
31 8
37 30
34 -30
4 12
84 18
5 -16
7 -14
31 30
20 30
15 1
33 -9
53 -18
25 -25
5 -10
9 -2
1 -1
51 30
32 23
4 -7
18 5
31 -10
41 6
38 15
9 -21
27 -20
9 0
14 -6
72 30
31 -8
6 30
31 -4
4 11
65 18
4 4
20 0
1 -12
49 -13
67 -13
55 13
29 -26
11 -26
62 -22
57 0
10 -3
43 -26
7 26
28 17
1 -16
1 2
25 -5
33 3
51 30
13 -8
5 -5
41 -11
38 0
67 -20
26 16
6 7
21 14
56 26
29 30
23 30
49 -11
56 12
37 0
5 26
1 -30
6 -30
79 -13
36 30
47 -16
24 -30
12 -30
30 19
36 24
1 -22
1 11
16 10
52 -29
27 -2
45 -9
40 30
58 -30
33 14
33 -7
1 -30
56 -17
35 -23
14 -16
1 -5
19 -6
40 18
1 0
27 28
19 22
19 12
31 7
48 -16
69 5
32 6
69 -16
37 26
14 -10
33 15
20 26
41 26
21 -10
32 2
32 -21
36 5
1 9
3 22
1 -2
18 3
64 7
40 2
34 20
25 -6
1 4
37 -17
40 -16
1 -1
58 15
52 6
8 9
28 5
1 7
46 -30
1 21
24 -4
11 2
7 -30
41 -13
23 -1
35 -15
51 -2
49 8
45 22
2 -12
41 12
3 7
15 30
36 13
15 -21
14 17
17 -15
53 -10
15 14
1 7
54 -9
3 11
1 3
25 -30
39 -30
2 -1
25 16
60 -23
27 30
57 7
39 -20
41 10
30 -4
38 -9
11 -30
24 -4
27 5
1 30
19 -4
40 1
41 -18
36 -4
30 -30
24 -30
42 14
23 6
23 -11
11 13
5 0
26 -12
8 -1
40 -30
10 15
65 -25
6 -23
32 30
1 -4
24 -30
15 20
38 0
9 -23
17 2
18 7
10 15
33 2
21 10
11 10
41 -30
42 6
1 30
49 -30
11 11
18 -23
15 -2
53 14
16 -14
27 1
17 -13
37 -30
43 20
1 1
22 -9
38 8
9 -23
87 18
14 16
50 -13
5 28
6 30
46 -8
55 11
32 30
5 3
23 22
82 -4
1 -1
58 0
29 3
31 -12
5 30
6 17
32 30
1 -10
21 -22
16 14
1 -27
24 -3
54 19
31 -16
16 26
15 12
59 -21
27 12
1 12
56 -20
50 21
71 16
1 20
4 8
1 -2
29 13
57 17
3 24
12 -12
47 -12
47 -9
37 0
18 19
19 22
13 1
26 -30
2 30
51 20
32 -22
52 -13
1 -8
28 21
26 -7
33 -7
16 -30
43 -11
42 0
14 6
58 -7
1 -9
38 1
24 -2
40 11
11 10
23 -10
12 28
14 -28
47 -12
54 -13
29 -6
33 -25
26 7
48 -30
54 12
19 -7
1 -8
9 6
7 16
39 5
53 -30
31 30
52 10
1 -9
17 -7
28 12
10 -26
45 14
35 -30
14 24
37 27
19 27
71 -7
32 -21
27 -26
1 -6
1 7
43 -2
26 15
27 -7
1 17
1 6
12 22
46 24
40 -2
28 30
1 30
13 -2
45 -6
12 0
58 8
36 -2
4 9
11 -9
13 -16
43 27
25 -16
15 -19
28 4
1 30
3 5
19 9
30 6
51 17
37 7
7 -28
40 5
30 -25
8 14
48 -13
52 -9
52 -12
20 30
53 23
56 3
1 10
38 26
1 -1
50 -2
25 -16
23 -6
71 0
31 -3
29 -7
24 -2
27 -3
12 -8
20 8
48 26
21 19
32 6
1 23
36 -22
5 24
31 28
44 7
1 -1
31 -9
7 14
57 -4
10 13
1 13
1 -7
31 -7
1 -5
15 6
53 30
20 30
14 5
1 19
31 -30
13 -30
59 0
51 -20
22 2
23 4
16 0
17 -30
12 -10
42 -23
19 -30
39 -16
35 30
22 -24
25 -30
19 -18
64 -1
11 -20
29 -2
27 30
2 7
63 -10
1 -1
43 2
4 6
63 -30
8 -9
12 17
33 4
8 -30
11 -7
48 -27
44 5
31 -15
35 -29
15 -9
1 17
10 7
52 17
41 -15
28 -17
71 30
18 -24
30 5
57 -29
1 -30
28 -8
13 -8
38 -16
16 8
16 1
1 5
34 11
35 -14
53 0
46 2
50 -13
45 7
32 -14
17 22
24 18
24 -7
17 0
15 1
17 1
44 -11
33 30
40 -15
26 -13
30 -24
31 -4
60 14
47 30
14 30
31 16
17 8
30 22
65 1
58 20
21 28
1 -8
1 -5
53 -16
57 28
22 -13
1 26
1 -30
30 -10
22 -15
32 17
30 11
19 -3
6 5
18 19
43 -14
18 6
51 2
18 -9
2 30
6 1
17 -21
32 -16
10 -1
9 -25
31 -8
41 -15
46 1
1 -20
32 -12
65 -16
27 16
79 5
7 11
33 -8
43 -6
28 30
59 16
1 25
28 19
41 25
30 -6
14 21
15 21
40 13
13 -1
34 8
47 18
64 0
20 -9
26 -12
39 -30
34 0
48 19
1 0
48 9
63 6
18 -12
24 -1
16 12
6 22
28 11
19 -30
34 -15
1 -30
34 4
17 0
49 -13
9 -30
29 -15
26 11
47 30
25 0
1 0
1 20
32 -9
1 -3
89 -27
45 1
1 -10
1 -20
55 17
46 27
55 -18
28 10
20 3
43 3
32 -8
49 -28
12 30
44 -11
32 -22
53 30
40 14
40 27
33 -15
1 15
47 -11
28 -11
17 14
37 -28
1 -15
1 4
35 30
9 -1
52 6
65 21
40 18
1 11
46 22
46 22
1 -1
29 -30
15 18
76 -12
42 -8
19 0
38 -6
18 -13
1 0
51 0
1 -30
48 9
28 -7
10 0
20 -25
1 2
51 -16
33 30
22 8
6 28
27 -16
4 9
33 -19
36 4
31 12
24 15
30 -12
26 -22
14 3
1 1
28 -23
21 21
47 24
1 7
12 20
24 -27
50 7
28 5
18 -9
15 -30
39 20
51 30
35 -9
26 29
39 30
1 8
53 -30
9 -8
37 11
1 30
32 -3
27 4
22 -30
13 -15
11 24
15 -20
7 13
56 -20
17 17
29 -22
53 -30
77 2
9 -11
39 9
10 4
21 11
21 -8
46 -11
43 6
46 22
64 11
8 -27
1 3
20 19
12 -20
12 -25
12 0
50 24
42 9
14 -30
12 -5
15 18
57 4
30 -24
1 3
26 -10
14 10
27 -26
37 -30
7 -18
32 26
43 -13
38 30
13 -12
1 18
29 -1
28 -2
19 23
32 -1
25 7
60 -28
34 -13
28 -1
20 17
7 2
13 -6
29 -8
1 13
38 28
31 5
11 4
1 7
38 1
1 0
1 -11
25 -14
34 -18
26 0
36 10
47 13
9 10
16 -6
70 22
17 -30
1 -17
37 30
32 14
24 -30
39 -9
10 -4
29 -12
9 4
8 -19
39 -1
38 -4
27 -9
29 11
1 14
45 -11
30 -13
4 7
25 22
44 3
19 30
9 -5
30 30
3 -19
18 -15
60 -5
39 3
19 -15
25 3
12 -7
1 -4
1 3
3 30
14 3
42 -12
30 30
28 -8
3 0
16 -6
56 30
2 1
23 11
8 -1
55 -1
1 15
49 -12
14 9
1 -30
50 21
25 -24
54 15
9 19
1 0
4 -12
22 -27
22 -2
53 9
10 30
35 30
8 -21
22 15
41 -18
25 5
27 -19
38 -18
38 0
1 1
23 -26
13 15
27 -23
1 -6
13 -30
50 0
21 0
28 -2
7 0
33 3
29 -8
19 -1
2 14
37 -9
22 -11
49 3
12 10
20 -30
26 -6
1 -2
15 18
14 21
51 -22
62 11
1 -14
16 -20
75 13
12 28
23 -27
4 -16
48 -25
13 29
30 8
12 -21
19 29
3 24
27 30
5 14
1 -5
21 -30
28 23
38 -3
67 -4
11 5
14 30
7 -29
55 -5
23 5
14 -12
31 -8
44 -13
16 -24
66 5
7 -29
39 30
17 -18
1 21
59 30
49 15
11 -2
18 -14
23 22
7 -28
9 -12
7 8
1 -5
53 -11
20 2
36 30
33 -9
53 -15
21 4
17 30
1 -30
30 30
1 9
19 -6
57 -21
33 30
30 14
34 16
64 15
10 -30
31 -19
53 30
22 -30
35 -25
4 -30
50 -16
51 -30
3 -7
21 -3
26 -8
39 1
9 -8
1 6
12 -3
12 -18
48 -24
10 -9
15 -12
4 30
1 -12
36 24
47 -30
29 13
18 14
32 11
10 -22
19 1
18 -30
42 2
50 -17
6 26
34 30
36 17
20 0
65 -13
47 2
32 -22
9 -8
13 -29
37 1
41 5
29 4
10 20
1 3
33 7
32 -8
60 13
31 3
13 0
28 -15
37 4
35 -1
71 -29
1 -15
47 9
10 -19
1 -24
32 29
25 4
1 -7
20 22
2 -6
54 -9
1 -11
43 16
39 23
22 1
8 -10
1 -28
24 10
4 17
37 0
1 -4
48 30
19 -1
19 -6
40 1
25 11
23 9
19 30
31 -5
24 11
45 8
58 3
65 -11
34 30
1 -13
1 30
15 15
7 -16
1 9
1 30
42 30
17 15
34 -3
46 19
4 5
49 23
17 -13
1 16
1 4
7 -3
33 -5
24 1
38 -7
10 14
41 9
2 30
38 30
31 30
1 27
1 -19
4 5
19 29
1 0
39 17
17 30
10 -20
60 16
59 -6
58 1
22 -10
32 0
46 30
1 -10
8 22
26 30
1 -14
1 -11
1 -5
1 -8
29 12
31 -3
48 5
39 -1
7 -28
16 -30
31 -3
26 -9
16 -30
23 3
24 -13
17 27
23 -7
18 0
7 -4
28 10
27 -7
27 19
8 -5
1 -3
11 0
15 7
31 5
47 -2
23 -15
1 -18
3 -7
26 9
62 14
17 -1
59 -19
24 30
75 1
36 -19
27 -15
27 -3
12 0
27 18
57 -21
34 -18
27 30
36 -30
1 -3
18 12
4 13
33 -1
16 5
2 20
49 -7
27 -8
22 -30
6 -13
42 -30
50 26
7 -30
32 5
32 30
12 -17
12 1
79 -27
1 5
38 0
10 30
23 -16
21 -5
1 -21
16 6
18 -27
20 3
12 -28
43 11
42 -6
47 -9
14 22
41 -23
15 -2
23 -16
7 -9
34 13
1 -4
8 -16
22 30
22 -4
30 1
26 -9
42 30
13 -14
47 -17
62 12
20 5
7 -17
2 -18
8 14
13 -30
31 -4
19 10
14 15
12 -6
23 0
33 -3
25 0
1 23
47 -1
44 -7
5 12
27 28
19 -18
39 -18
43 0
64 -6
21 14
5 -8
23 13
44 0
16 30
12 12
1 -5
7 0
1 30
29 20
34 25
1 -21
45 -7
20 21
21 17
42 -25
32 -14
34 -7
2 -4
42 7
16 13
35 26
6 -30
22 -3
74 -8
28 9
1 19
6 -10
33 -3
18 15
8 -23
1 10
15 -30
15 -30
15 -27
1 15
53 -7
35 4
30 -9
1 7
25 26
47 16
34 -30
39 12
64 30
36 -17
24 5
61 -18
25 22
37 0
21 25
47 -7
3 9
31 -10
55 16
3 -1
38 18
19 6
1 -30
37 -9
1 17
31 7
57 15
51 8
4 -19
30 -18
1 21
10 -8
30 -15
15 -22
41 -12
18 1
16 13
22 -20
14 -5
42 17
50 -12
48 30
19 22
53 -21
12 0
16 -9
25 21
12 12
56 5
31 -10
37 7
36 11
10 8
23 1
18 21
8 10
33 -30
55 0
24 12
37 9
6 -15
1 -3
34 -13
60 -9
27 19
48 -1
48 -9
22 30
14 14
21 -20
21 22
33 -27
1 -5
42 -1
67 7
10 -11
19 -2
17 19
6 4
1 13
1 0
26 -4
25 -24
48 -3
3 -5
1 -4
27 -29
31 -4
37 0
31 -11
32 -4
53 -1
25 -30
1 5
9 0
26 -2
22 2
41 -5
42 -30
79 20
40 -28
39 2
29 -29
57 9
16 7
1 -16
14 8
18 0
36 -30
7 25
20 -11
16 4
5 -2
27 9
15 -7
8 25
1 27
1 -16
70 30
31 30
38 -12
53 -5
28 5
12 13
1 -13
45 18
28 25
13 30
16 1
42 17
48 13
62 -16
19 9
1 -4
31 -9
24 -8
33 -10
32 -30
23 27
17 12
26 -30
1 -5
48 -16
36 7
29 -5
23 -26
22 -14
23 -8
12 -16
43 0
22 -6
18 -6
33 -30
12 6
4 -30
42 26
26 -1
1 27
34 -14
12 27
41 -14
5 20
20 -15
53 -22
1 11
1 -26
31 -18
1 17
1 30
57 13
46 27
30 -20
1 8
10 -1
34 -1
28 5
12 7
4 -30
42 12
48 25
1 -15
21 -15
41 -1
1 -15
23 -3
19 -5
23 -30
18 6
1 -8
53 -22
1 -22
44 -6
37 22
9 -17
1 -7
15 14
30 18
1 -6
11 -1
10 9
21 -5
1 -13
11 -10
33 -5
46 1
39 16
24 10
32 -19
55 -26
51 -11
25 20
68 29
28 -6
16 28
10 21
10 19
19 10
42 23
6 19
18 30
29 7
33 29
36 30
29 -2
30 -30
11 -28
40 -30
31 -9
1 27
12 -30
33 0
1 -30
22 10
38 -6
73 13
31 30
15 1
25 19
27 0
15 -28
43 11
31 10
66 16
13 23
1 17
26 -12
7 -30
37 -22
1 -15
25 17
11 8
43 -3
41 4
1 3
1 -18
26 16
45 30
22 20
45 -1
15 -8
65 5
36 8
23 -19
8 -15
14 1
35 -5
1 17
1 -14
48 8
28 -10
30 2
11 0
41 4
18 11
51 -8
45 -18
28 2
23 30
70 0
26 30
53 11
56 -18
1 2
9 -30
1 -30
28 12
1 -16
20 -28
38 -5
2 3
45 -22
26 -12
21 -11
6 26
20 9
7 23
38 -12
42 -2
55 -8
17 -17
48 -30
36 -2
1 -20
40 12
1 -8
15 12
36 14
39 30
21 -9
34 -4
15 -30
48 3
1 -12
32 10
22 0
51 -5
19 -4
38 1
4 0
32 -8
11 -21
57 -7
34 -23
40 -20
1 11
1 -8
25 -9
29 -5
11 18
25 5
36 -5
1 -3
26 -4
46 9
45 -30
24 -23
6 -7
1 5
56 5
37 -30
16 1
67 15
35 1
33 12
37 -28
32 30
12 30
13 -10
20 -4
26 -27
37 -13
1 -10
5 16
44 6
57 -30
23 -23
2 -14
32 11
1 -5
37 -23
64 -4
45 -7
29 9
47 -30
30 -1
33 11
45 10
25 -2
29 16
1 -16
19 24
28 -17
75 22
55 5
1 10
31 -19
43 26
38 -11
25 -24
22 -30
6 17
62 -13
21 -26
1 6
1 -19
77 0
42 9
20 21
9 -17
23 22
30 -2
1 24
18 -6
20 -28
29 8
18 -30
14 -11
46 -5
36 -7
29 -8
10 30
54 -30
15 4
22 -12
46 16
37 -22
2 15
27 12
53 -22
1 -9
38 -14
6 30
36 -26
1 21
20 -17
17 -30
35 -12
13 -16
38 2
46 20
18 12
14 13
13 11
20 -5
23 20
1 16
32 -13
39 12
30 1
46 2
54 -3
8 30
19 0
21 20
72 8
9 -3
35 4
48 -30
74 -30
18 16
11 23
18 30
51 4
61 1
11 -14
49 12
29 -29
24 7
8 30
37 -13
54 -30
34 30
14 15
34 27
32 -2
24 0
36 -19
19 -11
27 12
8 -30
23 9
55 -2
54 -12
7 23
4 11
19 30
1 -16
35 -30
19 3
21 -21
6 -4
1 0
63 11
67 -16
39 30
10 30
19 1
38 -3
45 -11
48 -21
17 20
23 -2
11 30
26 16
31 -21
10 0
14 -18
2 9
8 12
1 -29
26 -30
13 -12
11 29
42 2
1 15
1 -16
56 -12
1 -30
22 -11
46 -18
6 30
11 23
42 -30
1 -17
15 -21
31 8
60 12
31 5
58 -4
65 16
2 4
37 -2
27 6
14 14
1 1
1 10
2 2
7 -4
23 0
1 14
23 -25
29 21
1 -30
44 15
10 -2
27 -25
23 -5
12 -12
33 -15
27 3
1 -16
48 0
53 -21
48 25
22 4
29 30
48 -6
13 -12
42 -16
44 -5
34 30
5 30
33 -30
1 -1
1 -6
8 -30
7 -30
25 0
1 15
16 -19
2 14
37 -7
15 -12
60 10
1 -30
35 -4
26 0
13 -15
20 22
11 26
5 -30
29 -5
52 21
22 28
32 -1
41 15
15 30
6 -6
39 8
24 -30
24 -21
38 -13
42 -13
58 30
22 13
37 19
8 0
22 18
1 -4
12 2
37 22
29 16
28 -2
38 12
15 2
49 -22
29 -26
20 -27
21 30
52 -30
1 -10
37 24
22 30
21 18
12 -1
27 -3
39 -23
12 30
6 -7
2 15
24 -15
40 -8
28 9
13 -30
17 2
7 -9
23 0
24 16
23 -9
1 -17
66 12
6 -13
27 30
48 6
10 19
31 8
40 -8
1 0
28 5
1 -19
13 -5
48 -18
58 -27
18 -5
3 -9
17 -30
42 8
1 -5
46 -18
12 -1
10 22
29 -30
1 -7
1 5
30 -28
30 29
1 -4
1 16
61 27
41 15
23 -4
21 30
17 30
1 -30
20 -21
29 -11
15 -13
56 28
43 16
1 22
32 -12
30 -15
4 0
51 13
51 25
18 -7
1 -4
39 9
48 -23
32 18
28 -2
37 -4
63 -11
14 5
39 -30
39 26
36 0
46 -10
20 -8
29 4
9 -2
31 6
41 -7
8 30
30 23
2 5
21 -9
44 -7
16 1
15 -16
39 -13
31 19
50 -3
14 28
37 -6
42 -13
2 -1
30 21
12 11
1 30
37 0
1 2
22 -30
6 -29
2 3
1 8
13 21
45 -9
49 0
41 28
28 -11
18 16
19 -13
47 -11
62 6
7 17
48 -23
29 -17
8 12
1 6
20 2
1 9
37 -5
22 -30
27 -30
26 0
32 -17
1 -2
1 -30
20 -6
11 30
51 0
30 6
38 -10
12 0
31 9
28 -24
24 -30
17 17
54 -2
34 0
35 -21
30 30
31 -20
37 27
52 1
40 -14
26 -30
23 -12
18 0
54 -4
35 -12
24 -15
31 11
39 2
47 -10
44 11
41 1
28 24
10 -10
23 -14
7 24
31 -14
12 -12
45 5
1 -27
74 -7
33 -12
31 2
29 -14
1 27
20 -6
18 -5
29 -1
40 -17
32 -4
21 -20
41 -22
1 0
61 24
64 -5
1 21
46 -20
34 -9
11 -30
9 -15
17 19
56 -17
35 -15
17 30
46 10
32 -2
1 -12
1 -14
35 19
58 14
47 -11
24 19
23 -15
1 -10
47 -22
4 -11
6 25
10 17
3 -13
3 -28
41 -25
35 -18
47 -1
59 -2
40 30
53 0
44 30
35 -7
21 8
24 27
12 16
49 5
6 0
16 -11
1 -30
13 -11
30 -30
1 -19
23 20
28 -9
37 -23
1 -4
39 2
37 -8
25 27
7 -15
44 17
38 -1
49 -30
46 -4
22 -4
37 10
14 -6
7 5
40 -6
7 -30
38 14
32 -16
59 30
27 30
9 2
15 -8
53 -30
31 -8
24 -30
65 -11
11 -7
56 2
33 9
32 24
19 -4
13 16
22 30
18 11
1 15
18 -9
37 19
48 8
12 -12
1 4
35 27
7 -30
45 -29
49 7
17 -30
15 15
66 3
50 11
21 -2
11 -16
32 -22
14 19
9 10
77 -2
4 8
30 18
29 8
41 12
14 24
25 -13
18 -10
23 9
3 30
21 2
43 -17
9 -4
24 18
22 2
31 -30
45 8
29 -15
13 6
15 30
36 -17
45 -13
1 -6
47 -1
13 -8
32 8
46 -13
27 10
48 10
29 2
34 28
32 30
12 -22
26 13
16 5
17 -5
17 25
1 30
50 -10
49 -30
1 6
50 -28
21 -11
37 11
20 -21
12 0
40 -19
13 -14
26 17
35 -7
20 -14
28 9
13 -8
9 1
38 -24
55 -4
5 5
1 30
28 -10
34 10
1 0
21 13
26 11
14 -7
71 -5
9 -19
48 0
40 -5
12 -30
44 5
16 0
19 -17
9 10
59 12
53 -14
41 19
18 3
70 5
35 -30
10 20
31 -12
14 10
37 0
13 -20
1 11
1 15
19 2
35 -14
1 -14
48 1
1 30
19 -11
59 13
32 22
36 16
35 -2
45 28
42 13
35 -12
29 -12
12 2
41 -4
29 30
14 -27
30 -1
32 1
47 -30
40 26
50 -8
9 23
26 26
38 -8
5 21
46 14
64 -19
34 1
32 12
45 -15
39 18
45 2
36 -30
18 -10
1 0
51 30
36 -26
41 -15
3 -30
55 7
59 -26
1 -9
20 -14
27 -13
22 30
22 -21
66 -17
16 -25
10 -18
1 9
26 -23
16 30
68 -30
31 -3
26 -16
25 8
22 -1
11 28
6 -18
26 18
1 9
33 -8
1 1
40 13
16 -13
14 -7
34 2
35 -5
23 -29
16 -1
1 28
29 -7
33 12
51 -30
11 -26
16 -8
1 -28
49 -11
38 8
53 15
42 13
33 21
36 -13
38 2
42 -6
1 -6
34 -30
32 30
6 -5
1 -3
40 16
34 -30
28 -15
27 14
43 -12
38 -17
11 13
47 -2
48 -1
38 -16
20 -2
19 -7
1 -13
21 -30
10 2
31 -10
1 -30
15 8
37 11
11 -15
22 -3
21 -12
21 30
14 6
35 6
36 26
48 -30
61 21
36 -1
24 10
43 20
1 -30
49 -22
30 0
48 13
41 11
36 21
10 30
37 -18
31 -7
1 -5
56 12
40 9
10 -3
28 6
31 7
20 -3
22 -1
1 -20
59 0
1 18
5 0
25 5
37 -30
16 -12
1 -29
23 -3
16 30
22 21
26 -21
50 27
37 -5
51 -17
37 3
29 -16
40 20
27 -13
1 -12
3 1
48 -30
46 11
33 -7
46 15
3 -19
1 -20
39 -4
52 12
10 9
1 -12
12 17
48 -26
40 -30
85 -30
18 -3
13 15
59 12
62 22
26 -3
32 -30
29 -27
32 30
25 -6
58 -6
44 0
18 27
20 -12
62 7
37 -30
14 20
30 0
16 13
20 -30
32 3
20 -8
59 -10
39 30
12 -22
14 4
35 -30
1 -1
6 18
38 3
14 -7
32 -23
10 18
1 3
15 -15
16 12
24 1
32 25
10 -30
29 -14
56 19
27 4
8 -2
66 -1
15 21
60 -9
22 21
8 -30
10 -1
18 -7
51 7
78 3
1 30
24 28
8 -30
33 -15
32 24
1 4
20 -27
16 1
4 -5
10 20
25 -13
1 -1
6 13
57 3
36 21
3 -9
20 18
54 -8
13 -11
1 8
42 15
1 16
16 24
45 -3
33 0
36 3
24 -21
39 22
34 2
11 0
35 -10
17 4
21 30
3 -14
51 4
7 22
18 -30
26 30
18 -4
20 -20
53 -21
37 -4
27 30
8 12
48 2
9 30
27 4
16 -19
5 -18
30 -12
36 -26
57 -1
22 21
33 -9
3 -19
30 26
24 -30
1 7
54 -24
18 -13
18 7
12 -30
20 26
1 -1
52 2
16 -12
53 -1
65 -3
16 -3
1 8
41 13
56 30
50 29
1 30
13 8
40 6
41 10
41 0
38 13
52 -21
1 8
27 24
38 -11
16 0
22 -3
25 -15
54 -30
35 -15
17 -7
8 6
44 -8
44 7
61 -11
23 -21
19 7
19 -12
47 25
43 0
21 -30
45 17
12 28
31 -6
29 11
42 14
16 -16
19 3
12 7
32 -1
1 -15
19 4
39 -8
15 -29
41 -14
40 30
32 13
11 -17
12 27
7 4
40 -9
25 5
48 -3
15 23
33 -30
30 19
43 8
27 2
27 10
1 -1
27 10
43 -23
31 20
15 7
19 0
27 5
26 30
24 15
21 30
17 17
1 22
2 2
73 -1
38 30
47 10
35 -12
12 27
25 -3
27 -9
42 12
38 14
5 -17
1 2
37 -6
12 -16
1 -9
21 16
31 -21
25 8
1 -23
20 -5
33 -2
29 -9
55 -17
44 14
34 -8
15 23
29 14
22 25
12 -15
43 30
45 -16
63 -4
37 -26
13 13
1 -30
19 -21
47 -3
13 -25
5 -1
28 6
49 17
8 -13
25 21
15 30
15 2
1 4
1 -23
1 19
9 3
37 3
1 30
17 -16
38 -8
11 18
55 -23
6 1
42 30
44 5
28 -16
22 -3
3 7
34 -5
67 -26
44 -14
46 -20
22 24
41 1
1 15
38 -30
22 30
12 7
54 27
9 5
32 -10
1 8
37 2
5 -12
32 -6
12 0
29 5
42 -15
20 21
35 3
1 -9
47 27
20 0
10 13
46 -11
20 14
34 -8
43 -15
29 -23
10 -3
36 -7
45 -18
26 -9
1 -11
48 21
1 -7
37 -20
18 -29
50 -17
24 30
13 30
1 -4
28 3
33 -3
16 8
22 14
11 -9
49 21
19 -4
51 -16
9 -14
19 -22
13 19
24 -17
1 -7
18 5
27 -5
51 -30
46 -29
28 -30
33 -7
27 30
25 -20
33 -30
7 7
51 -21
49 -28
29 2
26 17
38 9
1 4
29 -8
30 -7
22 -2
1 8
44 -30
72 -4
1 5
47 0
1 -16
19 -15
22 25
62 10
1 6
33 6
1 -26
51 -26
11 -18
37 -27
1 4
24 6
19 -1
47 1
42 -29
1 -7
3 8
23 1
19 -7
53 -5
8 21
48 -20
13 22
5 12
2 -7
35 29
26 -12
33 -16
36 -22
23 -6
41 -20
1 9
23 -25
20 30
14 -6
1 -6
23 -3
30 8
61 -3
31 -30
47 10
23 30
12 30
43 -10
1 -15
2 -9
41 -24
1 -17
10 24
33 -17
49 4
27 9
3 -30
1 -1
23 5
52 -10
38 18
38 -30
46 6
1 -11
63 -6
28 15
37 4
59 -28
1 -5
7 11
1 -10
39 -4
8 -27
60 30
19 15
60 -1
41 -18
24 -19
31 -21
31 0
4 -2
23 6
46 -24
15 2
13 0
33 -22
1 -3
55 -30
34 14
1 2
17 30
30 17
24 12
48 6
32 6
19 -30
34 27
6 -4
16 7
46 -7
24 20
1 -30
24 14
16 -8
15 2
1 12
42 -6
56 -15
1 2
21 12
8 15
57 9
14 30
20 6
1 0
29 30
21 -15
1 30
33 20
23 -6
39 2
39 6
41 -9
1 30
31 -26
49 -1
25 -14
41 -23
9 27
23 -23
12 -9
13 1
30 -1
39 30
27 30
45 11
12 26
30 21
3 30
68 20
27 0
51 24
1 -18
23 0
29 13
60 11
1 29
8 13
80 8
18 4
23 26
23 -30
1 -2
1 -30
28 3
27 22
22 -10
1 -8
1 -27
22 25
40 -15
32 -6
18 8
1 10
24 12
14 -23
53 1
32 22
1 17
14 -7
50 -30
32 0
23 20
15 -17
54 -27
6 0
49 -9
1 -7
30 -13
18 -30
64 -7
57 -13
3 -11
56 -6
6 -20
45 0
36 10
23 -21
9 -25
40 2
49 -26
42 -13
47 -6
67 19
47 0
19 1
1 -4
26 -17
15 3
16 -2
30 2
35 -1
8 6
1 -3
46 2
28 -2
1 4
38 -30
1 28
39 3
55 -17
42 10
28 -8
22 30
24 -30
20 -1
27 2
44 14
18 -11
12 -15
1 17
34 4
40 -24
23 5
16 5
23 -30
38 16
40 12
24 -30
48 -16
53 -4
6 -14
21 30
19 -1
1 -4
57 20
2 -4
44 27
27 -11
13 -30
43 -10
1 2
38 -28
1 7
1 0
15 19
1 -20
28 6
49 11
34 12
22 4
42 2
12 -27
10 1
28 9
6 23
11 -10
33 3
1 30
25 12
44 -4
28 -23
21 -30
54 -22
48 6
29 3
15 11
34 -19
16 30
48 -14
1 30
25 -11
2 0
74 16
3 -10
1 -18
3 -23
1 11
20 9
35 3
1 -8
1 2
40 30
62 -5
35 -30
77 -9
31 -5
42 -30
34 27
19 -30
53 -2
26 1
19 29
10 30
2 4
28 9
51 -6
25 18
44 -6
1 8
34 -11
62 30
43 30
1 -3
31 15
1 13
29 -25
69 -4
43 -20
21 7
18 7
21 3
60 -15
63 30
63 9
64 30
26 13
7 -1
48 3
34 -5
19 -30
1 0
16 -24
58 30
35 -29
19 -13
42 -14
14 -30
9 -2
64 -23
28 -6
21 -18
22 30
42 8
6 -30
23 -1
20 21
10 2
1 -4
15 -30
55 -10
18 18
22 11
37 17
11 2
2 18
24 3
23 13
50 30
42 -12
1 -28
19 22
1 30
10 9
1 -20
19 -3
1 -26
36 4
1 -15
42 7
26 22
28 -4
23 15
5 -4
37 25
27 0
40 30
18 4
54 -11
34 -12
16 -5
33 29
1 -3
10 23
19 -20
1 19
42 -18
42 8
37 19
25 -30
32 26
39 -9
8 -28
88 -22
13 9
36 -17
7 0
8 4
21 -17
20 -13
1 10
15 30
33 12
18 19
51 -6
1 -18
20 -27
6 4
32 11
7 12
33 10
1 15
1 11
12 -18
63 16
28 4
28 9
20 3
12 14
10 16
49 -21
53 7
35 14
19 12
26 -15
8 -30
67 7
12 26
18 -9
41 -6
4 16
19 -15
58 -23
28 -3
7 19
10 -10
4 2
8 3
43 4
7 19
24 17
23 -19
21 -29
1 0
1 -28
60 -10
24 -7
22 30
22 19
50 -23
23 -8
38 -29
22 13
34 8
1 -30
8 30
55 30
38 30
11 14
1 -13
39 5
29 1
22 25
22 17
29 -22
42 30
1 -11
25 16
48 -5
9 16
31 11
29 0
42 14
27 -30
46 -10
54 26
30 6
1 -13
23 18
26 17
6 -15
19 16
2 -13
1 -1
4 5
32 -2
17 0
1 -30
17 30
26 22
11 -22
1 5
21 7
26 -27
51 -9
1 21
30 30
1 -22
20 0
1 27
27 7
1 -12
10 13
1 0
3 -12
27 26
50 -1
48 -30
23 -6
33 -2
11 -8
26 13
29 -8
21 22
20 18
46 23
17 9
5 17
39 7
24 7
55 27
25 30
1 -27
48 -8
48 5
47 -21
1 6
1 30
24 -27
47 -5
42 30
43 -1
11 21
24 5
56 21
13 18
1 14
23 16
13 -9
40 28
24 -19
20 -14
1 7
29 7
38 -5
35 18
1 -5
23 -7
6 0
17 30
1 2
2 30
21 8
9 30
18 30
33 5
29 1
5 7
17 22
13 30
1 -7
1 8
45 2
57 18
50 9
43 -9
43 11
55 0
34 15
1 4
17 -30
55 -19
45 -17
20 -6
39 2
3 -11
16 -24
53 7
19 -6
30 -10
11 -30
17 -3
8 0
33 12
26 -19
1 19
2 -2
40 16
11 -30
7 -26
7 -10
49 -17
22 -15
1 26
37 -30
54 -8
20 -26
40 -17
25 -30
54 -3
28 0
36 -24
58 -28
20 28
34 -11
36 18
41 7
31 -30
37 -1
1 18
18 20
1 0
42 -15
36 -11
37 -11
11 -4
9 19
25 -13
25 14
59 10
20 -30
25 -21
33 3
5 18
7 -9
19 -6
4 17
10 13
1 -5
25 -11
1 0
24 -16
25 30
43 -6
58 -26
41 -21
6 0
56 -21
21 -13
44 -3
41 -30
29 3
42 -4
28 -3
31 -18
21 -30
1 -9
18 21
36 -18
50 -23
50 -14
25 29
18 17
19 -12
21 -16
23 -4
73 28
22 -2
1 -11
16 -12
37 6
11 3
1 -30
28 30
1 -6
55 -28
1 5
50 -23
27 13
66 21
24 -16
36 3
1 17
32 -4
25 -19
4 2
54 27
19 30
29 -30
7 11
28 20
53 2
12 8
27 -4
22 0
43 -13
50 14
41 -6
1 -4
39 0
49 0
25 -29
40 -21
49 -16
9 -15
49 -1
22 9
50 -1
24 -30
37 -3
2 30
29 -16
62 3
7 -22
68 -30
28 -20
18 -12
19 -3
61 18
1 -5
1 -15
33 0
13 13
14 -25
32 -9
32 -3
33 -11
47 15
6 -12
21 -14
41 -24
32 30
52 -15
41 -30
1 10
14 0
35 -10
5 30
32 16
29 -15
35 -23
5 0
3 -26
25 1
1 -7
64 -19
18 0
1 0
19 5
28 -30
26 17
24 -30
7 -8
73 30
19 19
45 -26
56 9
8 4
4 30
9 0
42 -20
8 14
49 19
58 0
23 -3
7 -8
30 14
28 -8
35 6
62 8
9 28
31 -1
23 -9
74 18
28 -7
24 7
40 -12
37 -6
29 -23
12 -7
46 -30
46 20
41 7
40 -11
55 -29
53 -3
25 -1
19 30
1 -20
63 0
44 0
66 -6
61 18
32 12
8 30
52 17
1 11
44 -7
52 19
1 -1
23 -2
3 8
1 -7
36 -10
33 4
41 5
28 3
37 26
1 -30
10 -18
33 -2
29 -15
1 3
1 8
11 -30
42 9
6 5
44 -12
15 -10
19 7
38 -1
12 7
25 -29
31 -2
12 -12
21 -8
29 -8
2 1
83 4
15 -30
14 18
14 4
55 -9
1 -9
1 25
47 -14
51 13
7 16
28 -2
6 25
1 -19
64 -23
32 23
6 30
43 -15
23 10
24 1
21 -4
1 14
33 -21
36 30
31 29
42 10
37 -19
84 -13
1 -30
20 -14
12 14
73 0
6 29
10 24
12 0
41 -1
45 26
20 25
25 -13
23 6
15 26
55 1
23 9
28 -15
29 15
11 -30
41 26
1 30
59 21
19 -12
14 -4
25 -10
39 25
10 -19
24 -30
26 -11
23 10
35 1
31 0
27 -4
29 -27
58 -7
43 -13
26 20
13 13
47 3
24 5
1 30
46 -2
8 0
39 -29
14 1
14 8
4 -30
5 1
27 23
67 15
1 -19
21 8
36 2
29 4
4 0
21 -5
47 9
17 27
41 30
8 -20
44 12
1 -25
46 16
35 -2
23 -12
1 -30
38 -24
5 15
60 -12
1 -10
11 -30
51 -10
32 -29
61 25
27 -10
53 -15
54 -30
12 15
23 -16
26 -3
4 30
15 -2
50 -8
34 -1
13 28
21 27
40 -30
42 -1
59 -27
26 -16
46 -16
30 -3
26 19
60 0
19 -22
29 30
6 30
55 0
46 -8
2 13
15 -3
10 -4
38 23
27 -12
44 2
28 -30
31 -10
1 -25
13 -8
26 17
38 -29
35 -5
18 -8
41 8
6 0
35 30
15 10
51 -10
32 14
28 1
17 11
22 9
22 24
43 11
31 -30
24 20
40 13
30 9
31 23
28 -15
3 8
7 -12
34 9
13 -1
46 -14
60 30
26 -9
23 19
27 -13
27 -24
51 -12
19 -14
23 -1
7 -10
11 6
7 -1
22 -25
10 -10
1 -30
39 17
9 -3
8 -24
34 30
40 -30
1 21
32 -30
43 -20
14 23
1 -22
16 -3
62 1
41 -20
20 25
16 -3
59 0
4 14
29 26
24 -21
32 4
15 30
1 12
65 -6
30 15
67 -30
7 11
32 -27
49 -30
62 -3
57 17
48 13
23 2
21 5
36 18
16 -19
30 14
19 -25
50 -30
10 8
84 17
34 -18
10 14
43 28
69 -16
21 18
30 14
38 9
30 9
29 -30
24 0
33 14
23 30
37 1
76 3
42 -28
25 -20
19 -12
44 -14
9 30
35 27
32 12
4 9
34 -12
62 19
3 11
1 -9
43 -19
1 -29
21 30
28 18
61 -13
37 -7
32 11
47 30
30 4
32 -20
15 -3
41 -8
40 1
7 20
39 -9
1 12
37 -30
26 15
27 -12
33 -3
33 30
1 -13
56 26
26 -19
46 14
7 10
42 -16
29 25
6 17
39 -9
1 -8
38 0
47 1
1 30
1 -30
1 10
26 27
21 -26
1 10
28 0
1 28
19 -12
33 -12
20 26
1 9
23 -19
22 30
21 30
1 -13
68 -16
52 -18
33 20
1 6
40 18
16 -20
38 14
11 0
1 -1
40 12
40 10
3 16
8 25
14 7
46 -30
21 30
15 24
51 -13
1 -2
43 22
8 19
35 15
4 27
39 -5
36 -30
38 -3
51 -3
1 20
38 -18
1 0
16 25
20 -11
31 -30
19 -30
1 -13
2 14
41 -2
22 -3
12 19
61 -1
21 30
1 18
10 -19
6 -20
4 8
1 16
14 8
33 0
62 21
14 -14
5 -24
28 -22
33 29
12 -4
17 -24
34 5
11 11
10 16
43 20
1 3
37 10
57 -1
47 -18
22 -17
43 23
26 9
34 -11
20 21
44 -2
35 -19
39 28
43 28
55 8
41 4
1 19
86 -24
23 5
12 -9
28 -2
53 -14
26 -30
30 30
1 30
21 8
38 -9
40 -20
40 -4
47 10
30 2
38 1
43 -12
25 -30
9 -5
33 -8
54 14
45 2
46 -7
25 4
46 26
27 3
15 26
76 4
37 1
45 15
26 19
33 -5
1 -16
38 7
36 3
26 -23
54 14
1 -16
17 -3
19 -30
24 27
15 6
1 14
20 12
63 -2
61 30
18 -30
6 28
11 -7
23 -14
36 1
52 13
7 16
26 30
37 -1
12 -30
12 12
19 8
29 27
35 -3
28 -13
29 4
1 -7
30 -9
35 -4
10 8
67 16
6 30
4 0
35 -20
33 5
1 -4
8 2
32 -8
15 26
33 26
1 -30
33 -1
22 -6
30 -16
53 -30
6 10
17 30
25 -30
27 -5
54 -5
12 -28
16 14
1 17
38 2
62 -11
1 2
18 -9
33 -10
1 21
3 -9
13 -30
25 -1
17 -8
1 -4
6 -12
1 21
57 25
1 4
44 9
22 11
16 -14
58 -7
51 5
14 11
17 21
2 30
24 25
1 -17
9 -12
20 30
21 8
29 21
45 -3
1 1
25 4
6 -9
11 13
1 -26
5 30
12 -4
22 14
19 -1
42 -14
5 0
50 14
30 -27
45 30
16 28
48 14
1 -19
36 13
44 -14
14 10
15 0
7 -16
25 -15
20 11
45 -30
1 20
33 30
36 20
1 7
44 -25
1 -2
45 -11
27 -2
30 -18
31 -3
19 -23
1 -24
39 15
47 4
31 30
19 -10
37 -6
29 -17
38 1
1 7
32 2
36 14
15 7
33 -12
64 1
26 -19
42 5
19 -30
24 -30
22 5
10 -13
5 -17
55 -8
33 -2
19 25
41 20
16 5
37 -16
38 -12
16 -10
56 7
70 8
25 -10
1 16
10 3
11 12
1 30
7 -9
23 -20
9 8
26 15
25 4
29 2
32 -26
20 -18
1 28
1 16
29 24
36 -30
1 -7
22 -27
24 16
16 21
45 -2
38 -19
32 11
10 -30
14 -14
18 -1
47 30
19 14
44 9
33 -24
81 23
34 4
6 -27
19 10
1 17
31 22
1 -18
7 30
52 30
1 24
1 4
31 -10
1 30
25 0
38 -22
26 24
4 -21
37 -9
12 23
13 7
26 -14
55 3
3 -19
23 -19
45 17
18 9
1 1
46 -12
33 -30
9 2
25 -30
20 -20
16 5
10 12
34 -25
22 2
7 -5
22 -16
32 0
36 -25
39 19
37 7
22 6
24 -30
67 -30
33 -3
45 -5
1 16
60 10
8 5
63 30
53 19
10 -14
13 8
21 -6
42 1
18 -20
1 -2
42 0
16 19
38 9
9 -21
34 -30
1 4
18 30
22 -15
1 -1
2 8
3 -7
1 -6
17 -20
1 -30
30 11
18 7
1 -13
1 -4
11 10
11 -30
1 -22
49 -10
25 10
17 -30
9 -18
52 9
53 -10
57 -14
17 -6
28 -13
18 -12
32 20
41 -20
19 -2
19 30
40 -4
23 -30
29 -21
7 17
44 30
34 1
10 9
15 -1
38 -22
8 17
36 -9
5 25
26 -29
26 -6
27 3
66 0
58 -10
35 -17
30 -9
29 0
47 -30
27 -13
40 -30
42 17
8 30
21 -11
28 30
24 -6
15 -28
45 16
5 -26
20 9
34 11
7 24
56 -10
23 18
3 19
37 4
34 -5
17 -13
4 -9
19 -12
52 -12
24 -6
13 24
1 -6
1 30
44 -30
6 -4
56 23
21 -21
35 -1
35 14
51 30
25 -10
1 3
26 30
36 -28
87 -2
35 -5
8 -2
32 5
39 28
25 20
18 0
1 7
27 30
40 -15
33 5
28 30
43 17
29 -4
45 -30
18 -22
33 -9
51 1
22 14
57 -5
21 6
31 21
21 14
32 -13
46 -5
1 -30
6 13
1 29
63 -25
20 -25
1 1
1 30
4 16
16 -11
16 -3
25 8
17 0
44 7
21 -25
51 -9
18 -7
1 -8
45 -13
32 19
50 -5
8 0
10 0
42 -28
36 15
36 -24
20 13
1 -3
29 21
43 -8
1 -25
1 0
46 17
55 -16
45 26
24 11
13 -14
34 9
4 12
61 12
24 21
45 10
40 13
40 25
11 6
5 -20
28 15
8 -18
29 -21
25 -2
39 -30
1 8
33 24
21 -26
54 -30
1 11
16 -30
76 19
33 -30
6 -24
26 -3
1 30
44 17
14 29
48 30
60 8
34 0
47 21
35 24
1 27
1 26
13 20
4 13
42 -2
35 30
14 -5
1 -17
13 6
15 30
33 -6
36 -12
22 -10
11 -2
1 -27
70 15
25 8
1 20
28 0
36 1
40 -29
47 6
54 19
18 -28
1 20
27 -30
53 23
36 -3
12 13
57 -27
21 -10
19 -25
5 8
65 0
14 0
56 -30
1 30
45 0
25 -13
34 4
25 30
40 -6
24 -30
20 -20
30 -1
18 -3
36 -21
18 14
47 -7
44 22
47 30
15 -19
26 0
17 -24
35 -9
19 -11
30 30
31 15
20 30
77 7
42 -30
7 -7
38 -5
1 2
11 30
49 30
16 1
44 30
13 -2
15 -19
34 14
4 8
23 1
18 -7
42 21
39 8
21 -20
11 5
28 13
53 -26
5 2
1 -21
21 -9
1 -2
39 -29
36 -30
27 4
41 5
24 30
30 22
8 0
15 -20
40 27
1 12
26 -30
28 -30
64 -14
25 -8
45 9
6 2
61 -30
32 -1
18 4
9 29
59 -16
1 7
34 18
50 -13
40 -10
37 -1
4 14
21 -26
42 -1
25 -2
1 -7
22 30
1 -13
31 30
84 -3
44 -30
1 11
8 -22
20 -13
1 -6
56 7
1 -6
18 -20
22 30
1 -24
14 -12
26 -8
19 5
49 23
24 -9
18 30
23 -13
1 -24
36 -28
16 -8
53 16
41 14
19 -2
8 16
29 30
11 -14
38 -17
24 11
58 -16
51 -6
45 1
25 27
9 -5
33 -9
38 23
41 -7
6 30
46 30
1 -9
11 18
26 -11
70 30
56 -17
14 -14
51 30
33 30
37 -12
34 -18
29 12
1 -30
1 -3
1 -9
55 30
1 -20
1 -12
7 7
20 -21
1 -14
20 -6
43 -7
44 16
18 -7
33 4
12 -30
26 30
65 30
27 5
8 -8
5 1
3 -4
79 -13
1 26
38 -1
23 -16
1 -12
23 -19
9 4
8 -13
26 7
1 -13
29 30
1 28
46 2
1 -30
30 10
34 -14
28 -2
17 2
29 -30
1 29
11 -4
9 7
50 -14
10 25
24 18
37 30
58 1
1 18
36 0
34 -2
48 30
46 -28
43 -12
13 30
50 -22
39 21
42 -26
66 -10
14 11
26 27
29 2
11 4
42 -18
9 14
24 -4
13 0
13 -20
60 -16
37 0
61 -2
17 11
10 -23
25 13
23 -4
19 -2
40 30
61 1
47 19
11 -22
45 27
59 -7
15 8
1 25
34 -30
29 -24
21 -6
37 17
9 -17
4 -17
32 -19
24 -2
1 30
34 -18
8 8
37 -2
8 16
50 22
27 26
30 -10
58 3
22 5
24 30
33 20
13 -7
1 -4
1 8
38 4
29 28
19 -2
31 5
74 14
1 7
12 29
37 8
29 -24
48 -18
27 24
28 0
47 1
29 -26
43 -19
8 -9
6 -7
50 28
1 -17
1 22
3 10
60 4
18 0
10 -2
43 26
39 -6
72 -27
1 -30
45 4
7 21
25 17
30 0
46 3
13 2
10 21
72 -11
23 -14
39 -30
9 30
14 -6
33 -12
33 -23
54 -4
1 -9
25 -7
45 10
14 2
14 30
26 -30
29 -19
11 30
49 -16
60 19
34 -5
21 3
22 -24
11 -2
16 2
7 -11
11 -27
14 -15
56 -28
20 18
40 -4
31 -9
43 -21
47 -22
40 18
36 -30
7 -16
67 -6
28 12
1 17
10 -21
26 8
8 -15
28 30
1 14
34 -15
27 -5
13 2
33 -7
28 30
28 -30
50 -9
18 -5
10 3
39 -30
52 5
32 -9
20 -14
26 -8
14 5
33 -6
50 -2
15 -30
9 -12
37 11
38 25
58 -18
39 -1
1 15
56 -12
22 2
5 -2
1 -4
14 -11
18 30
1 25
18 -1
40 -19
27 30
28 -23
19 18
5 -14
30 -8
40 -7
62 30
1 7
2 8
18 22
31 11
54 -26
30 5
26 -6
26 -12
32 15
1 -30
14 -10
1 -2
22 -7
1 0
1 -7
20 12
41 -3
39 -21
18 30
18 -8
9 7
35 -16
53 -12
22 -23
19 -14
1 -26
1 -19
1 17
36 -6
18 20
13 -1
40 -3
51 -20
24 -30
63 27
20 1
14 -7
23 7
19 -4
19 29
7 -8
27 -10
35 28
48 22
23 -8
28 -10
1 -1
21 -30
19 30
29 -9
28 -3
49 -30
20 4
42 30
45 -14
27 -15
3 30
54 23
12 -8
29 -13
3 0
11 -23
19 -17
5 8
1 9
28 4
15 10
25 -30
40 11
33 -7
47 3
55 26
35 -11
12 -4
1 -8
19 -17
44 0
26 -30
40 -26
31 11
1 -30
38 -30
23 -17
45 30
37 0
42 -7
41 -10
11 26
49 -30
37 16
28 -24
30 23
41 1
51 -10
1 -1
13 -12
29 3
41 -30
50 -13
15 -2
63 14
31 4
16 23
27 7
1 8
1 -23
16 -22
3 27
44 -22
29 -10
36 -2
1 2
30 -13
63 10
29 -1
49 19
14 -3
24 -30
26 1
32 16
33 30
1 -11
58 -7
14 3
24 1
18 26
44 -12
1 -2
57 0
1 10
26 22
1 8
1 -13
30 -10
25 -8
51 19
4 0
38 -13
32 13
37 -3
57 -19
17 -5
42 24
37 -8
32 -20
32 16
36 -30
35 -7
24 14
26 4
49 -4
57 -2
3 30
11 30
14 5
60 15
25 -9
12 13
51 2
23 30
41 3
23 25
19 19
33 28
21 -5
41 -13
30 30
47 -9
18 -17
8 22
8 30
1 13
10 -8
28 19
17 -15
40 0
1 -13
40 27
3 20
33 -8
4 -3
26 -21
13 10
1 1
39 0
19 -12
32 29
57 -6
57 5
21 -23
20 13
35 15
37 -6
34 8
20 -9
2 5
13 12
34 -3
45 28
38 -19
36 -11
44 17
22 14
24 -25
1 11
41 12
41 14
43 -29
1 -7
57 13
65 8
1 -11
31 -16
49 14
14 5
28 -30
10 6
1 -12
37 -8
2 22
36 5
20 -5
37 -8
35 -24
52 22
1 22
1 30
68 1
12 -3
19 -30
49 7
28 3
34 5
56 -21
22 3
20 2
11 -4
36 -11
19 -7
8 30
29 22
42 -30
38 -4
43 14
23 -6
12 -9
1 30
33 2
32 -12
1 1
5 -3
27 -3
1 21
49 2
24 -5
26 12
30 8
1 29
22 -11
24 30
31 8
22 -16
35 12
1 -11
44 -2
19 24
2 -20
39 0
3 12
47 16
44 -13
17 6
41 -2
29 -30
38 -19
1 11
23 -16
6 4
28 -5
49 1
21 -11
11 -10
3 -7
47 3
1 -6
32 -10
1 22
34 8
1 15
65 1
22 3
6 -20
16 3
51 -24
70 -3
1 1
23 -17
61 20
1 -3
18 19
45 -6
10 -5
63 -3
1 20
12 -19
25 -21
35 25
34 -7
39 30
32 14
36 18
11 -20
53 29
1 -2
21 -21
55 9
15 10
26 18
47 -30
17 -7
31 30
9 -11
1 14
50 -10
26 10
26 -30
25 -10
19 -24
1 -2
24 14
3 4
42 30
47 5
1 3
68 8
9 -10
1 -7
24 -18
29 -2
24 -21
35 8
10 30
29 4
41 7
75 -16
11 -8
1 -15
35 2
38 -3
33 6
20 4
4 -30
1 1
31 28
25 -12
17 23
28 -10
38 -8
2 -5
41 5
1 28
1 -3
22 14
28 -20
40 21
32 3
20 30
1 -24
47 -2
49 4
22 6
36 -23
1 -19
37 18
27 10
18 23
28 15
38 -23
24 0
27 15
25 2
50 -1
4 7
27 0
1 24
20 15
24 23
38 5
43 3
24 -4
2 30
52 -5
27 -4
31 -9
13 -30
1 -28
40 -17
20 17
14 3
34 17
33 18
1 1
48 -3
1 10
73 20
35 22
18 -6
18 15
18 23
23 21
11 0
1 -8
27 -3
19 17
17 26
30 3
27 7
25 -10
21 -3
23 9
21 30
29 -13
11 -13
10 28
32 -3
21 -4
33 -5
11 2
32 5
51 -19
23 30
1 -12
1 -15
1 30
24 23
71 -14
36 -22
38 22
15 15
39 3
4 -18
13 -9
26 -4
24 -19
46 10
35 -13
1 13
9 25
11 3
34 14
36 30
7 28
1 -4
22 15
13 -10
55 -18
32 -30
33 -3
1 -8
1 11
18 15
32 -16
5 10
29 -11
31 -3
30 -17
1 -23
42 1
44 13
55 10
51 -30
12 0
27 -18
3 -30
8 -30
20 -5
28 26
27 30
9 -22
22 -3
40 -18
1 -30
6 1
30 -7
20 30
43 -30
42 24
33 30
36 0
1 16
45 4
1 6
29 13
2 -3
1 -19
1 -11
25 21
17 9
51 -3
49 11
57 2
40 18
58 30
1 -27
13 -30
8 -1
25 30
28 3
50 9
29 24
47 27
43 -8
20 -11
18 19
23 30
48 9
39 7
1 -8
26 15
1 -8
28 -24
1 24
1 5
64 -22
42 -1
43 -2
24 26
51 3
48 -8
47 13
48 -30
39 30
8 7
29 -26
11 12
10 8
14 30
2 -19
32 -4
41 5
17 -15
1 -3
17 6
1 10
65 30
62 14
1 -14
38 -18
11 24
68 -4
1 30
9 7
28 27
19 -1
10 2
5 -30
1 -13
14 -21
35 30
14 11
34 2
31 -1
35 -7
43 2
1 0
20 -23
19 3
18 24
24 10
50 10
13 20
17 -9
27 13
30 9
31 0
1 20
43 2
24 -7
35 -18
38 -25
33 -15
33 16
13 28
1 -7
90 -9
6 16
22 13
1 0
28 -21
39 30
48 -13
30 -30
28 12
1 -4
1 10
50 2
3 27
9 -24
61 14
34 -19
6 -22
8 -11
37 30
34 -7
43 10
44 3
40 -2
22 -8
50 24
1 9
20 15
44 24
27 16
25 30
19 30
46 0
1 -22
9 30
43 -25
34 -16
46 -11
70 10
1 10
37 12
26 -18
43 0
1 11
1 -23
53 9
22 8
47 30
1 9
56 3
8 -6
9 -17
1 2
17 -4
1 0
37 21
17 8
37 30
1 -9
25 23
14 30
35 0
7 17
1 -10
59 30
13 -23
47 0
45 -3
4 4
1 -30
4 26
37 6
32 -7
12 -4
37 -2
58 -15
51 -1
1 -25
29 2
27 2
41 -30
28 -16
5 10
48 -8
30 27
28 -30
21 30
33 -30
1 -12
6 -17
21 7
1 -15
38 -12
39 0
31 12
53 9
17 -30
42 -14
42 -15
69 23
55 13
1 25
9 0
12 15
58 22
40 -21
4 -10
38 -5
1 -22
1 -12
65 0
4 -30
22 16
35 -30
27 -3
52 -7
31 12
13 -17
62 23
6 -21
38 -28
39 -11
5 11
45 11
11 -20
32 10
45 30
1 10
52 -24
44 -14
19 4
50 24
26 -16
19 20
10 30
27 -18
5 -11
47 -17
48 25
40 -28
29 4
22 3
30 -1
25 -11
24 -30
5 15
9 5
34 30
68 30
1 -11
11 9
14 12
4 23
26 0
1 2
23 3
27 30
25 7
31 -18
11 -30
47 23
1 -7
38 10
43 21
33 -3
57 -18
8 0
27 -3
19 -30
44 -30
11 0
52 16
52 16
23 -14
7 19
22 -8
4 -30
10 -1
66 -9
18 3
12 22
30 -15
20 -5
42 -11
58 -1
47 -4
15 -4
26 2
13 6
41 15
16 -2
40 7
32 -2
14 30
15 30
33 -1
39 -6
14 -30
48 4
16 -8
44 -2
27 21
3 -9
31 -25
2 -22
36 6
28 -3
8 18
58 -2
30 -29
37 14
1 -5
33 3
27 -23
6 -9
62 -12
15 -2
18 -15
19 15
3 17
27 1
18 -10
19 30
53 30
14 -14
10 -24
50 6
1 30
15 -28
10 -13
33 28
30 17
11 9
3 -27
20 16
41 5
10 30
36 10
29 -6
15 1
30 28
1 19
21 -30
33 -18
13 13
13 -30
1 -8
44 3
45 6
10 30
22 -15
36 3
1 -14
13 -17
27 -8
1 -18
4 1
33 -30
59 -13
34 30
5 -8
29 -3
32 -5
46 6
22 -23
15 12
21 -14
34 -28
1 13
30 19
52 21
54 -6
39 28
19 25
39 -15
53 -9
18 -30
43 -18
34 -1
30 -20
40 11
31 -1
58 0
21 2
15 -9
15 3
26 6
1 7
1 -24
1 -5
10 -8
47 -22
22 30
23 -10
43 -8
47 -3
31 29
11 3
23 -21
62 -30
9 -9
34 -8
27 3
15 30
32 14
35 25
47 6
32 10
32 30
31 30
17 18
50 30
43 2
40 10
45 -1
39 -7
44 30
35 12
33 30
29 0
41 -1
13 -7
2 19
13 -25
35 12
26 13
4 -30
1 0
30 14
15 5
26 12
37 -24
42 -5
58 30
22 -1
6 -9
55 -3
24 -15
24 0
46 0
1 30
55 -7
1 -15
19 -9
5 -18
19 -6
12 28
1 8
1 0
22 -25
17 12
32 -16
10 -24
40 1
12 -3
11 4
1 22
15 7
26 19
7 2
15 -3
18 -25
26 5
38 30
55 16
17 -3
25 30
39 -3
1 28
14 8
35 30
66 -16
30 -22
37 -16
1 -5
19 -14
47 -8
31 -7
40 -30
6 -10
43 -1
23 -30
59 16
55 -8
19 0
14 -9
8 30
41 -12
1 -22
27 20
33 -2
1 30
13 28
37 -9
14 -10
67 25
38 -30
2 28
1 -10
20 -30
50 20
21 16
32 -5
18 -6
18 1
1 1
19 6
33 -13
11 14
1 30
1 -1
7 3
30 -24
34 30
19 30
54 -2
40 -28
1 27
43 -8
56 -11
6 26
53 19
29 -16
1 0
1 -30
1 -21
1 -6
13 -10
44 29
9 10
27 -1
46 -19
14 -8
37 -3
40 -29
29 24
28 12
40 -29
68 30
7 29
24 27
17 -23
22 -6
19 -5
30 29
40 -13
41 -7
52 -22
1 3
58 2
45 -6
46 25
31 -18
42 -7
1 11
31 16
1 -30
1 -18
15 17
7 20
23 6
16 -5
24 30
27 26
31 -6
20 21
38 -17
23 23
22 -5
8 -9
21 -1
37 1
24 -12
32 6
40 19
39 -25
1 12
1 28
3 -13
38 -15
1 -30
19 3
25 9
26 0
26 14
31 -12
39 -14
5 -30
14 2
16 -2
31 -30
1 -16
18 -21
8 -30
36 -20
49 -6
15 10
1 30
23 7
43 6
1 -9
45 -10
40 -30
37 19
8 -30
14 -30
17 -1
30 -30
29 -15
13 30
11 -11
1 -1
19 -3
41 -30
22 -19
6 5
39 12
1 8
23 -2
6 -24
32 30
58 5
29 16
19 0
36 -5
19 -3
10 -3
35 30
12 -30
36 0
43 -20
37 10
38 18
23 -19
3 5
22 19
13 25
66 -26
1 -1
32 30
24 11
22 -7
36 -29
43 -30
79 -22
22 8
56 30
20 -25
56 12
34 30
47 -9
64 3
1 -17
11 -2
54 16
27 -17
45 -1
10 -7
1 1
31 -23
15 -4
30 -30
4 -14
23 -4
41 -1
18 6
33 0
31 6
54 0
31 21
36 -6
22 -3
23 -1
1 -15
21 13
18 26
33 18
46 -18
42 12
38 -23
38 11
28 26
15 11
53 7
66 -15
39 5
4 -18
46 -10
15 -7
28 3
39 10
17 12
20 -6
12 -2
26 -29
36 -15
14 17
11 0
35 -20
38 -5
1 21
2 -29
23 0
42 22
35 30
56 11
40 6
57 -16
85 21
18 20
47 6
1 -14
30 -21
4 3
10 -13
30 -17
1 7
24 10
28 -5
31 -6
48 8
10 29
10 -6
17 13
27 -18
28 -16
34 1
1 -15
17 -12
2 -30
4 24
1 -8
37 5
36 -27
19 -10
47 30
25 6
26 -23
28 -3
32 -23
