20
-39
14
57
37
89
-37
-120
-71
20
-58
66
-68
32
68
128
-14
59
-47
-14
-15
25
24
-49
-17
-95
22
-31
44
70
10
31
-33
-22
111
0
-63
-78
-1
-78
22
12
36
-32
100
74
27
-31
4
-104
-48
-22
6
-52
36
27
-28
-6
-2
13
0
-82
110
80
-48
-8
-1
-55
-32
-69
24
46
0
-39
67
-51
-13
48
44
-24
23
-92
-13
47
-72
21
-52
-51
-21
-59
26
30
-21
32
37
72
30
-13
-55
23
-43
7
48
-2
2
-6
-129
33
31
-26
-43
-3
-5
-26
98
-48
2
25
28
10
31
39
-18
-9
-14
-59
-28
-13
0
-39
2
8
-24
-62
116
27
-40
10
28
-13
15
-37
-72
-21
9
35
-82
68
90
-43
-21
-50
-24
-18
-41
-22
5
32
24
53
57
42
10
49
4
61
49
16
-76
-57
-62
41
-47
15
-2
-26
-15
-40
11
6
68
-30
69
32
40
-18
60
-19
82
-14
-18
74
29
6
14
46
-78
-59
10
-65
5
50
-16
55
10
20
-95
35
11
20
40
82
-34
35
-53
59
66
34
101
11
-44
-78
38
4
-75
-12
-38
3
-15
-114
0
-73
-5
-15
19
-16
2
-6
127
-64
-64
72
-4
-15
22
70
82
0
23
63
65
1
57
95
24
-14
-78
-120
77
-60
26
7
13
-12
40
-32
28
12
106
-19
53
74
24
21
14
4
-22
11
-38
7
-77
-18
11
-8
-37
22
-35
6
-72
-21
-10
18
-90
0
-1
-15
59
46
17
-114
42
31
-73
2
-34
14
-16
34
-22
6
-50
-84
4
24
62
-49
117
-37
26
36
9
33
-27
33
-125
-22
54
-64
28
9
21
42
44
9
-24
10
11
14
17
23
0
-51
-58
12
-35
-14
-25
64
-55
-1
-16
14
79
98
32
-62
-112
19
-6
4
-97
28
-46
-33
-36
-14
-36
14
9
23
-61
23
25
75
42
-46
24
-70
35
70
7
23
-51
-11
-64
-76
-72
-52
36
69
-58
57
-36
2
-5
-112
-27
-42
103
-50
-24
57
9
-59
-14
23
-27
-52
64
-48
29
-32
38
-92
5
-14
88
13
-29
53
22
-156
-18
-82
-34
-73
84
-8
26
-64
-23
27
22
-50
33
-10
-14
25
33
56
-10
58
-45
66
72
-10
12
12
-35
-23
119
-15
-34
-78
10
9
-57
50
-29
-59
-2
-8
18
-58
-41
121
45
85
-25
30
-43
-90
-84
27
41
24
15
37
-1
-47
-23
-51
8
12
-77
-25
45
4
-13
27
37
-88
-44
35
-88
-44
-49
-14
-36
-63
-75
-11
-80
-32
-25
2
-11
-60
85
-89
-61
54
-67
-29
4
-14
-21
53
14
19
37
-93
14
13
-72
-28
-52
18
-61
7
10
-19
-6
35
88
45
-14
-26
20
-42
6
31
24
-105
7
68
-66
37
-121
11
1
18
44
114
10
-52
-56
-75
46
32
71
-60
-22
-54
20
0
34
33
6
-58
6
40
-9
52
47
11
-3
25
74
-79
128
-59
-35
42
-72
6
60
-5
-22
-80
-6
27
48
-67
34
40
-97
42
-20
-2
61
88
-55
52
24
70
-68
-68
-67
-6
-4
46
-41
-63
0
40
37
20
0
63
-79
-28
17
-18
7
-2
14
95
36
-24
-13
58
76
-21
-62
9
-42
41
10
-88
74
45
-6
-47
-10
10
4
-42
35
-28
63
-18
-56
32
101
34
129
28
-2
0
-84
83
-3
34
22
30
-46
-46
-84
101
-2
60
-57
10
28
16
32
2
-31
1
-4
35
0
12
-10
-56
10
-12
-73
46
-64
-38
8
51
57
67
0
4
48
-24
-49
-57
64
18
31
-14
17
-7
-71
-77
36
61
1
30
-42
4
5
17
-4
85
20
-13
-77
-1
-89
-11
85
13
-3
-5
39
-38
-15
-12
-21
9
7
62
-53
37
-6
-32
-60
51
-127
-104
-25
11
-51
-24
58
8
0
-9
12
-52
-121
54
-11
5
-21
40
-19
-28
30
28
10
8
-20
2
16
37
-7
73
2
-23
67
44
-48
-67
21
-25
41
-13
-16
15
-60
28
-90
-65
-19
59
-24
-31
-29
20
-64
7
-47
66
13
29
42
-28
-50
-7
29
13
-39
34
49
9
-66
-37
78
-30
3
0
-30
-53
-8
42
19
-86
23
10
-10
-87
-14
-138
-38
-97
16
-24
-60
37
59
-17
55
-26
49
-68
-135
74
-41
7
-44
38
-77
54
-20
26
1
-50
58
102
-28
-45
11
57
43
-42
3
-33
-24
-13
-90
-75
3
53
92
-50
-19
64
4
-6
0
2
24
13
54
-67
-68
-46
-12
-46
22
-32
-75
26
-17
-89
-31
-51
87
12
-97
-2
43
5
-45
25
47
39
13
54
-25
-18
-57
8
-61
-27
-30
1
-24
-163
53
105
-29
6
86
6
-52
-17
-22
61
-18
4
-34
15
-79
-81
-1
32
56
-107
21
32
0
-24
-79
-67
143
-62
-31
16
-47
-52
-42
-13
-44
20
-18
-148
52
36
-72
-56
-25
25
-23
3
31
-4
-35
-1
25
-10
12
46
45
96
146
-12
-7
10
-74
-146
43
23
-141
14
-36
4
-38
-23
-21
22
17
-39
-66
-34
15
-87
3
-76
-71
35
17
35
11
-7
-45
67
14
-101
-60
36
32
13
-3
105
42
-33
-7
48
59
32
-17
-55
23
-72
9
28
11
-71
-64
-23
-27
0
-4
-74
-15
-1
51
50
27
2
38
-102
-29
-44
40
12
54
-115
-53
33
-63
-47
-2
-45
14
40
3
-9
-11
-2
-18
36
79
-72
28
-77
-5
53
-69
-37
-47
-57
80
0
16
17
92
16
-97
-61
23
-83
14
43
34
-52
79
5
-34
16
29
-12
36
7
-80
-40
92
48
-23
2
-16
-131
58
-41
6
14
14
41
-29
-66
-7
20
-31
-1
57
68
59
-16
-23
15
-118
-5
78
68
-9
-31
-1
-34
-27
-2
-6
-82
-74
3
66
10
40
34
-57
61
7
-19
-24
-11
-33
-94
34
-53
-48
-32
-14
29
-4
-19
-64
-20
-39
-43
-69
-63
32
78
5
-40
62
2
-16
-86
-17
-16
-41
37
20
-48
-48
52
11
-38
46
92
55
41
-61
-29
9
25
-2
-75
-35
-27
125
-20
-48
-33
48
2
1
-57
-31
145
-2
10
-4
17
-8
4
-7
-39
-110
-23
-12
32
0
30
5
27
-35
41
-1
49
-9
69
-18
48
34
11
-33
11
-18
-25
44
6
62
-123
-5
-85
1
79
95
-58
13
9
-36
-3
80
-13
21
33
-20
-42
0
70
-68
-8
-20
48
49
-39
-52
-16
-23
-42
107
5
125
0
-86
7
-54
13
46
-18
50
-25
36
37
-7
34
-28
16
12
-37
-48
4
67
0
-29
1
-57
-33
-76
-99
-3
-84
53
63
-28
-61
43
28
-23
-84
65
-10
-90
-19
113
39
-30
-29
103
-4
-1
36
-57
41
-14
94
20
-5
-13
7
29
36
-1
1
117
-106
-31
74
-19
18
58
31
-57
-39
37
40
7
72
-26
55
-55
58
-121
1
-24
-24
5
75
-37
-106
-17
56
7
5
-58
-22
125
26
-26
30
49
-3
-42
75
-120
-51
32
54
-108
1
6
43
37
53
3
-104
0
-48
17
93
18
17
42
3
-8
-40
-22
-4
-73
4
-42
-64
26
76
-29
47
23
-1
-18
15
2
23
-75
-69
-101
71
-63
-55
-30
3
17
68
-22
2
-4
-39
-35
14
96
16
24
-46
9
-63
-61
44
-34
111
5
2
62
14
-23
17
-30
6
11
-81
38
4
-9
-33
-77
1
25
-9
-61
-89
-27
22
5
35
-109
9
-61
-73
-58
-6
-149
-30
33
-27
-59
-40
-16
43
-51
-141
22
46
37
-55
90
7
-67
-15
-96
2
-6
-55
161
93
-102
-3
9
99
44
34
48
-15
28
33
111
-124
-30
-81
15
46
55
-40
89
67
1
33
-29
-59
-21
-54
-22
-40
-22
84
50
-68
12
-112
-17
-17
75
9
-37
-31
69
6
91
32
-24
-41
-59
-51
-73
-47
-44
8
-78
-72
14
-16
44
2
65
-46
25
95
11
-24
-50
-89
-21
97
103
25
-6
51
-29
-11
-71
-27
4
38
-83
0
-62
-60
27
22
101
-27
70
6
4
-4
65
-25
-10
44
-58
32
52
69
-11
-42
35
-34
-70
-63
-41
-44
23
-66
-35
33
-77
65
11
-97
32
29
9
56
-4
-122
55
-54
-60
7
-63
-50
68
-68
20
34
-12
-47
39
-38
-67
55
-13
-28
25
14
-4
-15
83
48
-2
51
7
-14
-33
37
-47
18
-59
-61
-17
105
-7
3
-45
13
64
-68
26
57
-114
119
-37
23
36
-14
-65
39
84
-24
64
-20
-135
-69
-37
-3
56
62
-94
-51
-11
-50
-28
-14
-4
-24
-19
35
-44
78
-64
27
-29
69
-14
63
0
-37
88
73
-27
8
13
-17
7
-3
-9
-18
11
-60
42
32
-29
-16
31
35
-23
-22
-34
-75
27
-60
90
-46
62
-119
16
2
-5
10
13
-24
-47
-10
75
84
-16
14
-4
-48
-48
-58
74
-81
95
-31
53
-36
15
-39
33
-49
32
-18
-63
72
40
-7
19
62
40
-74
11
19
-3
53
-48
24
58
57
44
-79
13
36
58
-49
-58
57
8
-69
-40
-34
50
-36
-79
-42
39
-35
-36
53
-2
108
-63
15
-6
67
69
25
-28
58
-42
-26
3
10
-4
11
-24
-13
3
8
48
62
147
-12
-56
11
-72
-2
0
50
23
-31
-52
-30
53
41
38
6
-86
-116
74
29
-40
72
14
10
35
59
-9
53
20
22
-49
29
-68
25
58
15
45
-44
24
65
43
108
-7
-19
-48
18
-34
-37
10
104
-7
-79
-49
-46
79
-27
5
58
36
78
5
91
26
24
-43
17
37
-21
-21
29
31
96
51
-118
-4
63
18
73
33
-1
-99
49
22
14
-30
38
-45
-44
40
96
-30
24
-61
3
2
40
23
21
7
-22
10
-38
-24
67
39
-135
86
-55
28
64
55
33
-16
15
95
99
-29
-24
-20
31
-10
-50
52
7
-40
-11
6
-62
6
-92
-119
20
29
15
1
123
-114
25
12
-33
75
-14
-29
-70
-36
-89
-41
-46
60
11
-34
56
17
0
-12
-66
-26
24
45
-24
-57
82
121
-73
103
4
-90
-40
14
11
-60
-37
43
-51
-100
-82
-43
-1
62
-14
-5
6
9
-47
17
-5
-66
63
-25
-39
-9
-43
26
-4
25
90
101
4
34
0
16
32
-23
4
42
18
-54
78
60
24
64
-24
-61
-35
-48
-77
-74
-78
-24
-14
4
30
-19
-117
-59
-58
34
-98
15
53
93
47
-15
54
84
-61
0
-55
-47
-13
24
-71
-19
-3
-57
103
93
-29
13
-27
70
-10
-57
7
-11
-95
42
-5
-39
-25
-50
43
-67
-26
-129
-51
-43
51
32
6
-48
-103
47
89
83
11
92
4
-8
97
29
43
-10
5
-47
51
-32
-21
-43
-26
96
16
-73
35
-38
-65
0
-33
27
23
-19
-15
-38
-14
28
57
-5
15
29
46
-14
-56
84
16
87
-57
-3
25
-94
33
-36
100
13
-111
-2
-32
2
114
45
42
15
-67
1
21
72
-8
-4
28
20
-10
95
58
-37
33
-4
-40
11
-16
49
67
18
-12
-16
-34
30
27
37
72
-89
-55
-25
-2
-16
-40
-17
0
78
-35
-60
-51
-48
13
57
-12
-27
-33
-55
45
67
-72
-49
67
-19
16
1
-28
-74
24
76
2
-2
-2
2
38
-21
-8
-27
-49
-24
12
10
19
22
39
-42
2
56
48
50
-13
62
58
-36
58
42
83
-11
22
-3
25
-77
-69
90
65
12
83
108
19
26
60
-7
11
-27
2
94
44
57
-3
-45
75
31
-44
-10
12
23
-23
-65
42
-13
-43
20
-36
100
88
28
17
-58
-7
96
6
-37
-6
-61
50
-9
-118
-88
-12
-50
-8
-30
-5
-73
102
-18
-50
3
39
-71
77
-43
64
9
13
105
28
-30
26
20
-12
-78
-7
-57
-18
-60
14
-41
-40
38
23
-5
45
32
49
-25
-66
-5
4
9
47
6
-78
41
42
-19
-6
-48
72
13
0
28
-15
59
51
0
68
-47
28
30
-64
-18
65
27
52
62
-24
73
-37
84
43
10
-22
-101
-13
43
-16
-40
-11
-16
-9
-28
42
-55
-5
-48
-18
-9
-95
-29
-2
19
4
20
-31
-51
-109
43
-6
-11
20
10
29
11
45
-60
0
-45
103
75
-5
30
28
-18
75
78
-35
28
-46
-87
61
-15
9
9
-17
-31
44
-7
-55
82
-94
59
-18
36
34
-39
-23
-57
7
12
-38
64
-79
78
-12
-40
57
-12
8
15
-49
8
-29
22
-8
-25
-50
59
32
-6
8
-8
-10
87
51
78
-49
-16
-96
-6
-68
-26
-40
72
-21
-9
8
-35
-35
42
-86
-13
53
-41
-40
82
82
119
0
11
-32
-62
-53
-14
-50
-30
44
48
-29
-6
-54
99
79
2
36
25
-45
4
0
-60
-106
35
9
-12
10
12
21
-5
45
52
69
-60
-29
-114
-31
-29
-31
8
55
36
52
47
-46
-27
-27
0
51
-17
65
0
-166
94
-110
-40
-21
70
13
62
-6
-21
-39
-28
-24
-107
3
79
59
-67
-59
3
70
61
-11
-50
22
-38
8
7
-33
82
23
-111
26
1
71
-41
-104
38
31
35
25
46
28
50
-121
16
5
84
-16
18
90
-39
28
22
6
49
25
-83
1
26
30
-13
-54
38
-18
43
-4
35
-8
-55
-53
-63
57
-20
45
16
51
-25
-18
24
51
9
-17
41
-63
17
-24
74
-133
25
35
-45
-57
-44
-37
-52
-32
-30
-44
13
13
20
83
-38
-16
-3
34
-41
-13
-40
32
-21
-37
-30
-1
-34
19
128
12
83
18
-53
12
-50
37
68
56
65
-89
-11
-13
13
-55
30
106
-11
19
-58
-62
-3
-14
31
99
7
39
-53
25
-35
50
-10
-2
38
54
-80
-42
-41
-13
-11
32
35
-68
-1
-50
-73
11
-90
-34
30
9
-26
-92
38
76
35
-5
-100
26
138
3
48
19
22
86
-44
30
-84
-29
7
40
-113
-72
-32
12
-6
-27
-76
1
-12
-26
53
55
21
-102
2
-50
-19
-17
6
-6
8
38
14
77
-57
-18
-7
8
2
-11
-44
64
-38
-19
-25
69
33
-33
-17
-24
-21
-67
33
4
-60
-19
-86
28
40
-55
96
-52
48
14
54
0
-76
73
-21
-47
-12
-91
-17
-102
16
6
14
-61
-15
-57
-50
81
-4
-77
20
-58
36
-26
8
-48
-41
40
94
27
6
-33
-27
71
-95
-24
-9
32
-117
-17
121
22
-22
14
40
-96
7
-20
-159
7
41
1
-9
-27
96
-13
31
5
4
-25
36
30
33
-40
68
-25
62
-71
-3
99
43
-12
1
21
130
-36
47
10
1
40
-8
8
37
-75
6
34
-10
-4
12
36
-85
115
59
0
82
40
30
63
-32
6
-84
-46
42
-99
-16
40
-107
161
13
38
57
48
-11
-51
93
5
74
47
134
-10
-110
35
79
-62
77
41
96
25
-27
-10
-4
-59
-7
-17
-11
15
-63
-26
88
20
39
129
-61
24
-70
-21
40
32
7
21
117
-45
-5
19
42
11
-21
-28
-23
-47
39
95
-73
19
8
67
0
-44
57
-19
18
25
40
13
-4
-37
40
0
9
-6
51
52
34
10
-2
81
-51
-39
-49
43
-32
13
-4
57
-18
-52
-8
-7
19
-10
88
56
-26
38
9
49
-46
66
-48
-94
-31
23
57
78
7
30
-6
-40
92
0
-10
-30
-34
-13
-13
-71
33
-3
-28
2
18
-7
-59
-14
-22
68
103
-89
-45
-12
18
66
2
4
81
18
-31
-52
37
-43
-51
71
-77
-34
0
66
71
-75
-26
-13
-28
29
-22
-28
6
11
-27
-27
31
38
-15
10
6
0
-84
13
40
-12
-5
38
25
-30
-25
-68
18
21
56
-41
-41
65
20
-11
-21
-20
75
72
10
8
1
-54
108
97
0
-24
-11
18
41
102
-72
53
34
-36
74
-31
-2
52
26
46
-42
-17
44
-50
34
2
-6
-22
11
17
-36
33
40
26
-31
25
14
-17
-28
8
23
30
-7
-18
22
19
-21
64
-36
-116
7
4
-36
27
75
-79
-30
-41
-62
-29
-31
51
67
44
88
2
-17
-45
85
-38
-47
26
71
-38
-19
-16
-18
-2
-22
18
32
-15
113
-46
90
-45
-98
-34
57
14
5
-49
-3
57
51
-30
19
-91
-36
58
-2
75
-77
-62
-15
0
7
31
66
29
2
-52
75
-65
11
65
46
-51
25
-39
39
-47
-8
-95
0
86
5
-1
55
13
-31
44
0
-32
53
-41
29
47
0
-29
-55
-23
39
102
-31
7
-61
30
-21
-50
-165
48
-3
-60
38
62
73
-32
92
29
8
-18
-21
50
77
-88
7
-59
28
-38
-46
89
-30
11
-95
-56
42
-144
24
-8
-39
23
-58
21
3
-9
27
35
29
18
-60
-16
-18
4
25
19
-60
31
-19
-32
0
87
21
53
141
-3
5
34
-15
-52
-58
30
82
75
37
0
10
11
-55
-4
2
-16
69
77
-90
-38
-34
25
20
-60
110
28
-30
7
-69
-55
-56
-92
-56
-27
-22
13
-47
-29
-49
-2
-91
48
-65
6
1
40
-31
19
-29
-22
-40
-41
23
-86
55
78
16
18
-50
28
3
-45
101
-69
-62
49
-56
-38
-56
-13
-19
-25
-16
-60
-58
-7
48
-22
92
8
-59
-17
17
125
-41
-32
40
-32
-65
-34
24
-24
-81
59
68
-9
-3
7
16
-61
-41
82
14
65
47
-35
15
15
23
-11
-80
2
-78
-14
-77
-86
-35
121
-53
-33
-38
-42
-44
-2
-52
68
-10
-20
-38
-32
5
-35
-26
-40
-7
-9
-23
-73
116
-122
89
3
35
-26
65
-45
44
6
2
-17
-53
-21
87
103
-93
60
9
-12
53
-14
-7
-94
-21
33
-16
-33
9
-7
-86
-25
32
7
-32
7
-53
15
24
50
-13
-43
15
-42
-13
-76
-49
26
-27
-17
9
-87
32
-4
23
-20
22
-20
37
-25
23
-13
-23
34
59
15
-3
12
-18
-38
-23
7
-41
5
-13
-38
75
-15
93
6
0
-18
-36
-47
120
-66
-70
70
-34
85
-60
27
-51
38
46
0
7
-66
30
-10
23
96
-5
38
-57
90
68
30
-5
36
-9
23
8
-9
-68
-16
98
19
66
2
-10
-2
7
17
-55
-16
51
52
40
-13
-37
-35
-15
90
40
81
-22
53
29
-58
-1
-78
33
11
23
-42
-49
-8
58
38
-9
8
-40
36
-32
-26
-10
-34
37
-62
12
-21
37
13
55
-19
-1
-1
-96
7
-37
41
-15
-103
19
-45
-33
-53
-48
33
-23
60
43
-2
16
14
-128
-51
101
-71
-76
26
1
-4
45
-12
61
-10
48
29
23
26
-25
16
36
-58
25
51
18
57
-27
21
54
28
9
22
-18
6
-28
85
33
1
11
122
43
-34
-4
-54
49
52
14
29
9
-8
94
70
66
5
23
1
12
4
-77
17
-119
55
36
16
82
-40
30
-26
-1
-28
-40
8
37
-9
-11
0
-44
17
53
33
45
-36
104
-10
95
5
48
77
-36
6
-24
7
68
-58
-66
59
-16
-11
-42
-112
-61
-31
22
15
-35
-7
-10
-93
-25
-26
20
43
17
-48
56
-49
-31
36
36
61
10
30
-13
-30
7
8
76
11
5
59
38
-11
-78
-14
65
88
-12
-22
13
23
0
-2
-78
16
13
-20
3
0
90
61
-166
-4
52
-15
19
28
-32
-12
-46
46
9
-46
-36
34
41
29
-23
72
5
29
-13
-20
29
-53
-26
-8
28
-1
-75
5
53
-33
49
19
-38
54
20
-4
1
19
-4
-81
47
25
-11
0
34
-149
-39
-92
16
107
-3
-4
41
-39
-7
35
-29
-27
-26
52
-65
-45
46
47
34
87
-57
-21
35
47
23
1
-134
67
75
-15
-29
54
-40
74
-85
80
-9
1
-92
28
60
9
-57
-33
81
-2
-22
-46
88
14
37
57
40
-49
-33
75
50
60
-23
0
-24
-11
12
22
5
-36
65
15
-2
19
59
-23
-21
-57
24
-7
13
-37
48
27
-91
19
9
31
88
-72
-43
140
-59
66
31
51
-18
6
-60
-62
12
9
31
-72
56
-28
57
-8
34
-2
14
45
-66
52
94
-68
42
-49
-20
32
-1
19
34
-78
-5
21
55
-51
60
39
8
-128
-63
-63
-9
-13
9
-59
-68
30
-27
6
65
-59
36
-9
79
35
-60
1
12
89
54
10
-21
14
40
-36
24
-39
56
-48
-64
-95
-84
27
-63
27
-61
-17
-59
-9
17
-5
31
-24
-25
39
64
18
91
69
-99
47
-7
8
-13
-78
10
-18
-42
-26
42
-42
-46
7
-46
-16
110
12
23
-32
11
-17
-4
-9
-41
-38
42
-110
32
12
-25
-59
4
76
22
31
60
13
-50
3
74
87
50
5
12
87
-79
25
-31
4
-11
17
87
20
61
-44
-35
65
-13
51
29
23
33
75
-59
-49
-37
34
82
7
29
36
16
69
-26
-60
-39
15
47
-11
51
-8
-31
-26
86
-33
-30
107
-48
-23
27
-109
-21
-38
-37
-8
6
-35
-25
-12
11
23
-22
16
-76
12
39
-37
-47
52
2
22
6
3
53
17
28
-72
-34
80
-9
-44
51
-29
-21
35
9
-27
-19
-1
-30
-9
-55
-45
-68
107
130
0
-28
56
45
-2
-70
-60
17
-4
74
15
-16
-43
-72
-9
-133
88
35
39
-34
24
54
-50
-22
-37
-13
-18
99
-42
26
-36
-10
-77
65
-17
-89
5
39
-52
-44
88
14
-29
-48
53
45
1
38
-23
-59
51
-13
-82
-15
33
-80
-92
-48
1
-13
109
0
40
53
-77
8
69
14
-19
6
41
87
73
-16
-3
-61
-64
27
46
-4
-47
-6
49
2
-14
16
23
31
-48
-99
-99
74
-61
-20
-71
-41
37
-39
-39
-77
-17
-26
0
37
55
67
-52
-62
37
89
-4
-26
60
-4
45
-39
52
-22
-85
-102
1
-4
-20
-44
-17
-154
-20
24
38
0
3
-16
20
-89
2
5
-11
72
98
55
-135
-39
-83
-1
-40
-76
25
-51
19
-43
-96
-19
22
-14
-37
-44
-55
-7
-130
-67
13
-73
0
-73
-62
-35
7
-18
56
-14
5
-23
-30
-17
-4
-52
-1
-50
10
38
52
60
-37
-28
4
-33
15
-59
27
-45
5
-3
19
5
84
38
12
30
51
15
-11
-25
-25
39
-17
48
-4
7
-47
33
-11
-33
-30
-26
59
93
-22
-52
26
-15
27
-94
8
73
25
-72
20
36
14
38
38
-38
16
-75
57
-10
-57
33
0
115
-24
-41
-35
-64
13
20
-26
-116
78
-75
22
-21
52
-6
67
9
-27
57
51
46
-18
-14
-38
-5
-25
0
29
-17
111
-58
1
-51
83
-73
-125
58
87
43
50
86
-90
15
3
18
9
-67
25
-97
-31
2
-9
77
-121
-47
10
31
-12
-77
-12
-76
-62
1
20
-24
-54
-59
2
32
6
-51
-19
63
113
-38
-56
95
-38
-11
44
50
23
-16
19
-13
-57
-3
-76
32
7
0
-15
-53
22
46
-24
-99
-30
71
-35
22
9
-34
79
-53
-58
-43
40
-64
30
78
-2
-59
46
-22
-29
8
-55
-37
-52
-21
53
42
14
79
-19
12
-139
-70
-79
-23
-44
-21
8
3
-2
10
0
67
28
-109
-18
37
0
30
-2
-5
6
-15
27
8
-9
23
-56
-41
-45
-93
14
50
-8
-45
51
25
72
21
109
29
45
-25
114
26
11
-54
103
82
-42
-17
-67
-20
-25
-82
73
-10
-51
-18
24
79
-47
-20
71
102
-35
-64
8
34
-7
-62
-13
-24
-82
-20
0
-39
-56
23
-45
-75
-44
-8
38
151
24
-11
59
21
41
-43
1
0
-61
-39
89
59
28
107
-8
-86
-22
63
49
57
-57
30
34
-37
-62
-19
20
-1
-27
108
-44
13
46
8
-3
-5
7
11
14
-93
-42
47
-54
-2
57
46
-18
68
19
-14
47
1
-5
28
39
42
-33
-3
-56
70
49
39
-78
-3
19
58
71
50
49
5
-100
92
-52
-33
75
-69
-130
-6
-140
-29
-14
-39
-4
-36
-49
-25
-14
-5
-18
31
-143
-100
14
81
6
15
24
31
-56
-7
-72
73
10
38
11
16
24
-4
-75
-137
15
4
-110
29
21
43
3
65
62
-34
1
-78
43
-48
36
-39
-39
9
31
-56
-104
39
61
4
14
21
19
-4
-93
-23
15
45
-37
-34
40
25
0
-5
10
-46
-38
0
-67
39
-68
-90
-111
-33
-58
42
-5
-22
-36
-21
-20
6
-22
19
12
33
80
59
-16
-10
-8
-44
-97
-14
-61
-27
6
3
-32
-107
-51
44
56
-37
-29
-31
29
113
90
-11
-13
91
71
24
29
13
32
128
36
-2
0
-30
104
-50
-15
28
4
-8
6
-15
0
94
14
38
-94
36
56
-3
18
-48
37
26
43
-1
-7
-52
-44
35
35
-77
-45
63
47
90
9
-55
-46
37
13
-32
135
22
11
8
41
11
14
-8
32
-30
47
124
50
86
12
69
-85
38
-55
-10
3
48
-18
-47
6
80
46
-92
-34
-60
4
61
-24
20
47
-1
48
103
43
9
41
-99
32
-17
38
73
39
-91
-93
97
-3
-77
-32
18
29
-42
31
-1
42
0
-74
-18
-72
-29
78
-13
60
2
-75
-48
-3
75
-47
15
-128
-13
4
4
30
91
51
-38
-57
122
30
-71
32
19
-6
-64
-56
-60
-54
101
38
39
94
-9
18
27
68
37
17
0
-19
-46
-24
55
14
-67
24
57
58
-6
41
17
-45
-2
106
-58
89
5
-60
-114
43
137
24
9
0
-32
14
64
16
76
2
48
-24
-60
58
35
-31
-62
-63
45
-21
38
33
40
-15
-36
26
72
65
32
8
33
49
9
23
-4
-24
-24
71
29
-49
-48
10
-19
4
-2
-40
31
21
97
-20
-24
63
-17
-31
-9
-59
-104
-9
-11
62
-103
63
51
-5
-45
-46
-13
-34
17
-23
-62
-59
-22
-2
-69
24
-91
24
-12
-76
-9
-58
16
25
77
31
-23
80
14
9
-58
-112
22
-22
-73
-49
60
-24
2
15
-18
68
24
70
27
21
-15
-1
-118
4
-29
-14
-124
17
-35
-14
-9
-13
7
99
-114
14
-56
-1
-78
34
-8
1
-39
7
-47
-21
-10
-31
-7
-27
57
61
5
52
63
37
-65
26
-20
51
-8
5
16
14
-30
-15
-24
18
-12
47
43
40
28
-37
-69
94
-4
-13
6
-47
3
13
-38
12
-55
20
35
31
4
2
-8
7
13
20
15
-55
-83
39
-10
-20
23
39
-34
-36
-39
2
-50
19
-38
-49
6
30
11
-30
-13
4
64
25
23
23
-64
-31
20
23
71
9
8
78
102
-56
-11
62
-13
124
10
34
11
77
20
-53
-28
29
19
-6
84
32
-12
59
-4
15
-37
67
-25
-44
-60
32
48
16
42
46
-7
-7
-64
32
-15
-24
58
-7
71
91
7
4
-5
-44
-70
6
-49
-51
38
73
61
44
21
-57
-37
6
-42
-35
-27
13
87
-59
6
41
-31
-28
39
19
49
-8
-63
-6
75
-96
-58
-11
16
30
36
39
14
-7
2
60
83
49
5
-18
33
10
10
50
20
72
-22
14
-26
57
-37
-17
1
25
-58
-41
-34
16
12
12
-76
35
-58
94
34
-45
0
97
-50
40
-96
45
16
0
-33
-14
-21
-27
-74
-31
-14
-46
-72
-17
75
-57
72
-49
5
13
8
69
39
-35
17
-52
-39
31
11
16
-13
89
78
40
-44
30
54
-38
-87
13
-4
-19
44
35
-1
45
-30
27
-27
18
26
0
-65
43
-51
-5
22
-19
41
-16
25
-35
1
17
49
114
4
63
8
12
32
99
-5
2
-6
21
-88
13
53
21
34
-9
-36
17
-63
32
32
-65
50
-16
-61
58
-4
-28
-10
-19
3
87
-29
-12
3
-68
48
-49
18
-25
23
-24
-64
8
-14
-66
0
-95
-10
-26
-22
-6
-42
-2
-37
38
-92
11
-54
64
56
41
22
13
-25
-48
4
15
51
19
-17
17
17
-14
31
31
-20
-33
39
90
54
-27
16
-50
-43
63
60
12
52
89
-25
69
-31
88
-34
-63
17
-23
45
-23
44
-24
31
-53
-15
-40
24
-38
45
-33
-29
59
-15
2
10
-38
49
27
-30
12
44
-52
-1
-32
-92
24
-70
-3
53
-51
-32
19
39
33
109
-16
-27
-5
96
29
97
-24
-11
17
-53
102
31
-78
-55
-27
-43
-32
-43
-1
21
-106
7
-21
41
37
9
-3
-35
-11
-22
-57
-67
-64
20
14
-7
-1
29
-74
18
82
-51
26
-13
-11
-19
-4
42
43
4
-1
36
-70
-119
-57
-37
90
15
-41
-74
-21
7
59
28
-52
45
5
27
6
-6
8
-31
54
74
-9
32
11
16
-27
-71
7
-79
-74
-41
96
46
-14
0
3
69
-38
-41
-16
0
-33
-56
-15
-6
39
32
26
-5
-7
-42
71
-55
-6
-3
-27
1
37
-72
-118
23
33
40
-18
-90
-20
44
-45
7
-7
67
79
103
-44
-81
-60
-100
-57
3
28
60
45
43
114
50
24
-27
-37
-3
9
114
-6
23
-39
38
74
5
22
51
35
-31
-86
-9
-37
-13
-8
43
-15
47
20
68
-66
10
69
-28
45
-17
-96
3
-11
49
-14
0
35
-2
96
-53
52
-6
9
-113
-27
-25
42
81
-90
22
-54
-44
-17
74
-78
63
-43
54
-73
-49
-19
72
14
-11
-104
8
-61
-26
-85
0
-15
52
-42
44
-52
-59
-23
91
0
82
-23
86
-33
-24
-103
69
123
-20
45
42
33
-5
49
-38
37
11
71
-60
-69
-7
50
-7
48
20
47
67
-29
-121
99
-6
-50
-57
-41
-47
-28
79
-10
-29
20
18
3
-7
-7
-43
47
98
-15
-12
-51
-16
50
-17
8
-14
-3
-15
24
-26
14
-5
-13
57
87
20
39
0
22
-33
9
4
16
9
106
18
-19
-52
-106
-43
-4
-46
2
-27
109
-45
-24
9
-10
32
-40
-29
-39
6
35
39
97
109
-31
-68
51
16
-43
11
9
59
-26
23
-16
25
-44
0
36
-24
-2
-26
-50
40
-6
-78
-30
96
-39
-38
8
-70
-80
-53
-25
-40
95
0
36
11
25
88
-8
-39
-57
1
8
-62
-47
43
68
-26
15
42
17
-27
-31
-29
33
-20
30
26
-106
-106
67
-36
-49
57
-6
21
-13
52
58
55
84
29
-87
-8
-29
100
13
-12
-52
-25
-6
71
-23
74
-45
-10
17
-47
-156
-50
0
68
6
-6
125
60
13
18
-2
50
-8
-19
24
-28
-131
-3
14
20
35
-50
-48
18
-17
-81
32
47
-61
-58
-3
61
7
-5
-88
27
-45
72
15
-122
12
-50
24
34
-108
-10
54
24
0
-57
-33
-61
46
-83
16
121
-17
-42
-19
8
-24
84
-58
5
-5
-13
125
-5
50
61
-19
-70
-7
-59
23
23
-62
31
-12
-33
-36
-51
-72
48
40
14
-100
-14
28
-36
23
54
-6
-28
53
-7
89
22
-40
2
-45
0
36
-74
39
-68
-8
-11
-11
-5
-2
57
-192
118
0
-40
-39
51
-98
23
-138
-38
6
0
-32
36
8
48
-56
-74
69
-45
35
-53
-46
74
-26
30
2
-17
-9
1
-4
-23
18
26
66
-21
-34
-56
-31
7
-46
84
-35
-16
-78
79
-61
-56
-52
56
40
-34
1
30
-38
-24
7
-30
-61
116
46
19
42
-73
-48
1
27
-2
-3
84
-61
-59
-23
-42
-5
49
-67
-27
16
-58
83
21
7
-51
88
-39
-8
46
45
9
168
-5
-47
-35
20
-6
-36
58
57
38
27
89
-4
77
-49
-80
-16
-76
26
49
-53
52
-104
77
-53
-71
-1
13
13
49
-25
-31
-31
30
19
55
-34
-11
73
-112
-8
55
29
47
-7
-43
-7
50
36
18
4
21
-4
55
-53
59
43
-75
15
21
-59
55
-80
28
-64
-95
-4
57
30
-30
81
14
-34
-53
-2
37
95
-67
21
21
-25
-24
-72
-65
40
60
-9
-93
39
56
-6
27
-16
-47
30
-28
-32
-65
-70
-26
-25
14
-71
-59
-52
66
111
9
65
-28
-23
-106
-168
-48
-86
40
14
-25
-34
25
54
-138
22
-3
79
1
-55
8
-5
4
56
-104
7
2
-6
23
-4
-126
-36
7
80
18
-43
72
-69
-52
-48
-50
45
-6
19
-30
57
-1
-29
82
11
58
-54
31
-1
57
-33
25
-2
35
-43
-24
75
51
69
-13
42
81
42
-14
75
14
-22
-1
-11
65
13
-39
6
-48
-50
-79
20
18
98
-88
-36
-93
-23
37
-50
-24
66
-72
101
-10
-110
11
40
-21
-36
33
5
5
-11
-7
-25
40
47
-37
32
14
43
22
-25
-62
-12
-51
-5
73
169
0
28
-3
-48
21
-67
-23
-5
-13
-86
-45
48
9
-15
-4
23
-33
44
-56
98
80
-50
0
-18
33
78
21
43
15
-24
26
-60
58
39
-38
-68
24
27
22
34
-25
-45
22
27
-109
-35
-15
45
-95
47
70
-10
14
73
-10
-7
-45
1
4
16
49
42
-12
-72
-58
-12
-36
44
43
-7
47
-7
38
42
-73
32
-79
34
58
-17
7
7
25
-5
64
-23
-62
-15
-66
-46
-27
-49
116
-54
10
48
49
91
63
-5
-18
65
115
90
9
-24
-3
65
-44
44
18
-66
27
-22
-46
-48
-4
-69
49
-89
-45
-56
-62
-25
-49
-83
7
-20
-87
7
116
-73
35
17
-6
29
0
41
-97
10
-19
44
34
6
-102
3
-1
-61
-51
51
-26
-7
-82
-18
-55
-12
-20
21
0
37
-25
44
-21
-18
-76
31
41
-49
77
20
49
136
-39
-1
-29
52
22
45
40
21
24
-25
2
0
-9
29
40
37
40
-58
-117
-37
8
12
18
51
-103
44
0
-28
3
-78
-16
-26
-24
-57
16
39
-64
-39
-37
0
-58
87
-62
-39
18
-23
-25
-9
-100
31
64
-81
35
83
-64
-8
5
90
47
-46
-54
30
110
10
9
77
24
-9
75
-18
-67
44
77
-3
39
-51
34
0
39
-30
-87
91
47
71
18
-15
78
-33
-119
-100
10
30
-24
-24
30
-31
71
33
-76
34
-14
38
3
-15
84
-32
-104
59
-33
-1
78
-36
-56
1
-42
39
36
-27
-12
-100
-41
16
-37
70
15
35
16
51
58
-12
-66
7
3
6
72
-81
30
40
-96
6
-3
-98
18
30
-5
1
-6
-77
60
20
-20
-42
-19
25
-14
-46
78
-40
60
-19
-29
59
17
-25
-30
48
-41
46
-65
2
8
-65
76
-4
17
54
-71
128
51
-41
-34
81
15
64
-48
-104
-41
54
71
-31
37
-40
-27
-21
69
-71
-36
-96
-24
-64
-25
-33
12
1
-16
-99
29
-7
20
-40
-57
43
-4
45
78
24
-98
-1
-7
-16
33
39
-14
120
-12
-57
-32
-9
-107
6
-64
8
37
-4
11
-46
33
-14
71
6
-11
-11
-139
32
-35
-89
28
-33
34
111
-1
42
19
-3
-8
133
-99
9
62
-11
118
-16
-16
-23
-96
21
48
16
-41
-28
75
-2
41
57
28
60
-14
16
26
-22
-37
-63
-34
3
-16
57
19
-67
-48
22
28
35
-1
-43
-47
-90
8
5
-52
-14
-33
49
48
-5
-12
38
-21
78
-28
54
83
15
37
39
23
19
-109
54
13
-12
-82
16
5
48
45
-17
-22
-46
4
-36
-48
-3
-16
-35
-33
-18
-31
-125
28
14
27
-17
11
33
5
22
-9
41
42
-43
14
1
9
44
-5
7
35
62
32
41
-23
86
43
4
58
34
15
9
42
-31
15
-52
-60
15
-12
28
-35
-60
-28
-8
-12
3
48
88
-1
6
4
19
56
-76
-2
-87
3
-7
9
-10
-17
53
-37
71
-99
32
-18
39
61
-82
52
-54
-15
65
-32
18
-40
-13
-1
36
66
37
-20
-29
54
-56
-64
48
37
69
-47
-38
9
-31
27
-26
22
53
-11
35
3
36
-20
24
1
45
-23
27
-23
-22
-76
73
59
-18
57
75
19
-90
-93
-48
43
58
-19
83
10
-58
-26
45
-18
0
64
-56
-30
-41
5
13
-48
18
42
-31
41
-56
-61
0
36
63
-81
-3
-56
-55
-32
104
-49
65
0
-44
11
64
32
0
-25
46
-44
-35
23
46
32
41
54
13
35
56
-25
-6
-36
82
13
63
29
-53
47
-13
-6
78
-45
-50
1
-2
-55
22
25
-54
11
-15
-17
22
-12
-8
-17
19
58
28
-37
47
-48
17
-19
-18
-28
-33
-75
-8
-56
52
7
11
33
-68
26
7
8
48
-26
7
-59
-124
-34
34
-28
10
-33
24
18
-7
0
-61
-12
96
54
-3
65
-25
-3
115
-22
-23
-71
-4
-52
35
13
3
-3
-30
-31
-23
-17
-60
29
-30
36
5
9
37
-21
-66
11
-32
-14
6
-72
57
0
-7
79
66
28
27
23
1
18
-53
60
47
6
-59
18
-2
41
2
-42
-5
-8
2
128
45
25
-38
10
48
-69
-39
11
-49
41
26
-32
38
-97
44
-50
0
43
-15
13
0
30
-40
89
9
77
-77
-59
51
-71
-12
-68
5
60
89
82
30
-11
-45
76
16
67
44
-25
-94
27
13
-8
6
77
23
-9
-46
3
-19
-8
4
-89
54
-15
53
0
-48
-43
49
14
34
29
-5
-65
-11
-8
-20
-53
-47
-40
-29
-52
-12
-53
-116
2
-26
-64
-30
24
-40
-57
13
-21
-61
-16
32
-19
38
33
-31
7
25
-64
11
43
79
-61
8
2
-16
42
103
-45
20
-58
-89
-11
15
-114
-81
86
69
11
58
76
26
-25
-72
-24
15
-37
-29
21
-2
-11
56
28
-16
-20
-62
-23
-17
-21
11
97
73
-53
10
-4
45
52
-41
58
7
-72
-4
-122
79
-41
-31
-57
90
-39
46
0
53
-36
16
-5
7
34
-12
33
74
-13
-15
74
-48
46
112
-55
-62
50
-63
-72
-30
53
3
-85
9
-68
-48
18
10
4
-90
56
-85
13
-37
-55
32
0
-66
78
29
63
60
22
5
-55
10
53
26
76
38
4
-8
-25
-47
-46
44
-2
-29
34
-1
47
-77
63
-7
-16
90
-24
-9
-21
-110
-79
4
-10
-47
-81
-93
91
-80
-4
28
39
13
56
119
-49
54
72
90
-33
-71
-48
-24
-3
120
37
88
-13
-42
-15
-71
21
46
2
7
45
-2
-12
30
6
59
-21
-2
-100
-21
-4
118
67
33
6
63
-27
-37
23
10
65
-138
57
-3
-9
-74
4
14
-18
26
-24
120
6
107
-35
4
39
-33
85
15
24
-2
-7
27
-47
-54
-36
-8
11
-60
40
-16
-66
-43
-12
-104
-23
-42
-38
37
13
-61
-71
29
4
-51
17
-16
-53
-5
-93
-7
-59
84
29
54
123
31
71
-28
-88
56
-67
-18
-31
42
34
-30
-17
48
68
-2
90
-9
-62
75
-64
22
40
22
-52
-63
26
96
79
55
-5
-75
0
-66
-24
82
-82
38
-22
4
-22
-20
-50
-14
-7
35
-20
73
116
26
-52
76
-21
-61
-82
64
28
8
-54
68
-33
-51
51
-90
0
17
-14
46
-2
-16
-59
-41
11
47
32
-46
6
34
80
-100
68
-21
86
18
26
12
20
-92
-38
9
62
42
19
-40
30
-1
-15
72
-10
54
-33
-10
-54
21
111
-29
84
-10
-38
53
1
35
-12
85
41
-42
58
82
53
48
21
17
-33
5
7
-27
18
71
-13
1
8
71
-37
-5
16
-83
-57
59
-7
33
-71
-56
-33
-52
27
79
7
-37
38
-37
20
-58
-16
-23
73
-62
19
31
-33
-63
25
34
-74
40
-51
-14
-16
76
7
44
-25
-44
-125
115
101
46
47
57
11
76
-27
-60
-64
59
13
57
88
21
3
-66
9
19
25
-1
12
61
-45
25
-19
9
-15
42
-1
-3
78
-54
-28
-20
-7
-2
-37
19
-15
74
-17
0
-21
-56
11
4
18
-36
-18
-9
48
-109
-29
39
-3
58
-68
53
3
-76
59
-35
42
-12
0
126
-4
-55
52
-6
-30
-1
-101
-124
-56
-26
-100
-21
-35
44
72
-61
-15
-17
8
79
-56
22
71
65
-24
99
34
0
-29
19
90
86
-36
53
-61
15
21
-21
-24
-41
-15
38
0
-55
59
-33
38
-65
-9
17
42
-24
10
-26
-37
62
-65
82
77
-39
62
69
60
-44
28
-59
-31
-54
54
70
-20
-66
-1
85
-43
-48
-19
29
20
44
-30
4
42
36
90
27
-58
100
42
10
-107
102
-11
-31
61
69
-69
0
6
31
-15
1
26
-20
-103
52
42
-37
-10
-13
-1
-40
5
-70
48
-15
20
-37
20
-41
82
21
-11
-90
-83
-37
-104
-82
37
8
35
-11
-18
2
-74
-47
105
-36
-64
18
44
-16
-78
42
40
-80
-15
-11
-9
51
-15
-10
83
17
34
27
-9
-5
-35
64
-4
-77
41
-6
20
-19
-21
-76
57
-58
18
-15
-37
-24
13
4
-3
-5
40
59
-5
-28
-21
23
-6
61
57
17
-86
-16
-40
-6
-48
101
57
-59
-14
22
-36
31
40
-10
-81
-35
28
45
8
0
-45
-30
-86
102
-61
15
56
0
64
-19
36
-32
15
71
8
9
-80
-59
-145
-10
-40
-15
24
48
35
41
-96
45
-23
-50
29
-44
-79
67
-54
5
46
-60
47
18
-17
3
40
5
85
97
6
-115
-43
42
19
-20
-30
2
30
100
-35
-15
-4
-89
42
0
-32
27
22
10
33
35
-14
66
48
-29
-8
26
-11
48
90
-5
-6
-3
66
5
-73
-111
39
-52
12
14
122
-5
8
-69
-66
-37
-45
37
-71
101
0
-12
-90
19
1
-144
22
45
-11
-58
-77
27
41
-8
-82
35
40
1
33
41
2
64
-18
66
-36
52
-18
-35
-60
-37
13
-20
-61
29
-40
-47
24
-90
-17
56
56
-108
-16
-4
-22
127
-11
3
28
-74
-40
-67
26
-28
80
28
20
-29
103
5
-38
25
31
62
-36
-34
31
44
-33
67
-45
89
-30
-66
35
-25
88
-28
40
-21
102
-41
-12
-60
-3
66
-1
-97
63
30
-127
19
-51
2
-8
-26
-23
-77
-33
-80
-3
-72
-44
-46
-29
43
-25
-23
13
19
-8
11
-98
86
74
63
8
34
23
63
-61
16
-80
84
17
-61
-10
16
0
28
10
-14
-11
24
0
14
48
26
32
55
-65
43
33
-84
-81
-75
-38
61
-70
19
36
14
-43
28
24
-33
-21
19
12
4
-56
-63
-66
1
85
-12
24
-6
-58
100
-31
74
16
19
16
-121
0
50
5
27
52
-60
84
-13
85
-59
17
-81
-6
-91
-24
90
53
-2
36
-8
-1
-11
24
19
38
-5
-24
-61
-32
5
-40
-81
59
47
-4
-51
13
-43
6
-30
56
-12
29
-16
67
-1
64
-100
-23
76
-18
43
-1
50
-37
32
-42
-46
-51
36
20
-68
-42
21
-19
-22
0
47
72
4
-62
27
8
29
-34
92
-86
53
-45
-127
23
19
-43
5
34
5
18
60
8
62
13
-3
-40
-49
-13
-68
68
14
1
96
-34
138
96
-2
16
15
43
32
-19
-69
48
15
-14
15
98
93
73
-21
-56
59
150
-57
-2
28
59
56
36
35
-37
5
72
34
25
-151
-42
71
40
-102
-22
34
-35
-33
-19
-69
-62
-26
86
55
-122
-32
-82
-54
-27
-15
9
-1
17
-109
14
-18
61
-36
-6
68
10
-25
-56
66
102
81
8
-7
-42
68
-32
103
52
-19
-144
-67
5
8
7
59
33
7
-10
-20
-20
25
12
-11
55
-42
-43
59
-30
-23
-67
0
-47
35
4
26
-52
-19
-85
34
63
62
-28
90
-6
-5
-7
0
42
-66
-59
16
-78
-51
37
60
9
-31
-25
-21
-17
-75
-45
34
-96
2
-53
1
-60
-40
-45
28
-40
0
-20
-64
-38
11
14
-43
60
-3
-20
-90
-59
31
33
-34
0
62
-76
14
31
80
80
-17
19
2
150
8
-24
147
-121
-112
69
70
61
28
-76
-47
-61
57
129
10
5
-1
-11
-20
2
-15
-23
65
-9
19
-19
-52
12
-40
34
-21
18
-42
2
13
47
-56
2
-60
-74
49
27
-3
-30
4
70
-3
-70
-66
33
49
-41
-29
-39
-116
65
-11
-66
6
100
-42
88
115
-2
44
-13
-59
84
38
-21
-54
-67
2
18
31
-19
101
48
36
22
-48
17
7
-11
-48
-61
-7
-55
22
-6
16
-29
-87
-2
25
-55
-18
-58
32
35
24
8
28
44
7
-28
0
46
46
-6
-79
25
-57
-17
-48
-27
-14
56
-57
-49
-89
86
73
-34
-69
44
-47
-3
-91
60
122
31
7
-11
-10
-17
-21
45
-90
39
16
-12
-90
40
19
-93
0
164
-32
-81
-13
-107
-16
16
11
-16
-33
-32
-15
-18
30
6
-80
39
-77
76
-28
62
55
-22
-30
29
0
-14
-47
28
36
35
6
42
-78
-39
-86
36
77
-28
-56
76
-82
26
-21
47
-77
62
42
62
33
1
16
-2
-1
138
8
-50
-52
71
-16
16
53
-92
-11
-32
-10
-68
-61
-6
-4
2
-28
34
-13
86
-26
89
8
70
-95
-26
62
-33
-11
-33
2
68
-19
0
-29
26
32
0
-9
20
-13
55
-11
4
34
21
-62
-34
-7
-33
-47
81
4
-24
-21
-117
-10
118
78
104
-23
-42
78
72
-92
64
-58
-36
-63
-6
-88
-27
-101
-121
9
-7
4
25
-72
-86
23
-34
-6
13
-76
20
-7
65
-26
-16
23
39
-78
93
17
-20
47
-35
59
-7
10
55
-40
25
-30
22
-64
-10
7
51
-7
101
-75
-24
-30
-65
-37
19
-30
12
-92
25
-34
-19
-21
-58
-50
0
11
6
63
0
33
54
-62
64
82
-15
6
-52
26
-6
15
25
28
-67
0
-15
38
15
16
-24
8
-32
-4
19
-10
-3
-111
-81
8
-2
33
39
-118
77
-54
53
54
0
-69
-46
24
20
-18
46
29
51
-70
-62
15
-46
-7
-3
41
78
80
-104
-12
-20
-81
-89
56
-85
64
-21
47
-36
44
3
69
-9
42
38
-33
26
19
-16
-8
-20
6
42
34
-25
-112
-20
83
-87
80
-54
-75
18
-61
-43
15
-39
-30
-22
5
-14
-50
-53
77
-49
-33
32
-29
91
10
25
11
-12
2
34
34
27
44
78
-26
55
12
-13
15
10
-83
61
7
41
-28
-9
29
60
-20
-9
10
-36
-21
47
-61
32
34
34
28
-73
3
19
-101
59
-37
-46
4
-58
-52
-15
26
13
66
67
43
61
58
30
31
4
-52
84
-44
-17
48
55
-92
55
66
-81
-32
0
-9
33
37
9
11
64
-43
-6
-45
19
81
-39
29
-17
-6
43
81
0
-31
-18
51
-25
-10
32
-11
-33
-67
41
20
-22
17
30
15
76
47
28
80
-6
26
45
17
-83
19
42
-46
15
-45
-26
35
-13
-3
-105
-10
-48
8
76
57
18
61
-36
66
-7
28
0
-32
9
-48
-9
-26
-15
24
17
-90
36
87
24
-26
-42
-8
-7
-31
-29
3
-7
69
53
-2
3
-1
14
38
-33
46
-69
77
46
-23
45
15
29
0
22
-10
32
40
51
6
47
-30
-58
-55
-37
10
-25
21
-4
-15
-55
6
33
39
74
19
58
-45
-58
45
25
31
-17
-33
-59
-1
12
-69
6
-79
19
9
-5
-75
-61
-3
-13
48
-81
-57
-104
2
-42
-22
-19
10
-28
1
-89
17
-24
35
-10
52
-122
65
-25
-80
11
87
-25
-12
52
71
-42
-21
-12
-23
-1
-11
58
-118
-37
24
-78
95
5
31
-11
61
40
32
-20
28
43
80
130
4
42
37
59
-5
94
-2
-48
-15
-38
123
-68
17
-75
89
-41
-54
28
-8
20
-7
53
-63
20
0
-45
-34
-103
92
-9
34
30
56
69
46
28
-55
135
34
53
-32
-37
33
15
-20
-27
-68
24
-6
-10
67
-50
-8
1
1
12
13
46
-11
-11
-26
-38
11
26
19
15
45
104
49
20
-83
45
73
-7
32
4
-22
-27
-35
-19
4
57
5
32
-34
28
48
-17
-25
46
-14
-76
-52
-61
-14
10
56
51
-10
-36
8
17
46
-11
67
8
13
-22
3
-64
-56
-35
13
46
-57
19
-41
15
-19
17
67
-26
30
35
58
6
-94
-61
-4
9
-38
31
-1
24
22
-22
44
34
-28
-5
-4
0
-58
-5
2
56
-72
-23
0
13
2
-28
-31
40
-15
-42
-35
11
67
-33
-69
14
-27
18
-53
-4
17
-56
-29
0
-5
4
39
36
42
-13
27
7
-21
10
-15
34
-1
-62
32
-18
-38
113
-44
-19
99
-49
21
7
26
-10
74
-9
55
2
-45
-109
43
-36
-3
-69
3
-151
-70
-118
-67
2
54
-2
-4
-1
61
-29
-12
82
14
-51
-33
23
79
2
78
-9
148
4
-69
-16
-5
50
38
7
-40
50
-30
-10
40
32
0
-58
69
-24
-7
25
-40
-5
7
-2
-12
-75
-77
-39
147
-13
19
-16
-89
-24
83
-48
39
-18
15
-18
36
20
99
-41
4
68
12
5
22
1
16
-38
-45
-1
76
-40
7
-45
75
16
46
-10
-79
12
53
-19
-102
-16
36
-27
-12
-50
80
-68
9
0
-48
40
-87
17
-50
21
-29
29
-7
20
-74
-15
28
42
-66
-12
-45
29
12
-62
61
23
15
-23
-14
19
11
-11
14
45
-71
-11
-36
1
-56
-25
-96
55
-81
-136
-26
60
37
-66
91
-2
-13
38
0
32
-61
20
-7
14
-27
-5
7
35
43
7
18
-91
7
-94
-47
1
-69
41
16
1
-3
-85
-24
99
23
33
15
-67
14
42
52
41
21
-63
-70
11
-23
-19
-34
41
113
-88
11
-6
-56
37
52
-101
2
6
-20
-34
18
-1
83
70
-10
-5
-35
-21
-93
-135
76
16
18
-78
-26
10
79
-28
-112
-115
7
-38
-42
4
53
131
51
21
49
-1
-6
37
25
13
9
-17
-1
19
-49
26
-44
11
49
-59
-20
70
61
9
5
-66
106
-3
20
-56
64
-68
57
0
74
14
-17
1
-46
47
17
12
61
77
50
55
53
23
60
92
118
16
16
-14
-19
62
19
40
72
11
-49
16
-60
-82
32
16
-95
-6
10
-18
7
-60
-84
-45
-37
-62
24
112
-11
105
56
-97
3
-55
61
19
-55
-48
119
66
82
-50
75
-60
-4
-72
46
18
-4
38
21
6
0
-63
0
-48
65
-28
-10
84
70
58
8
11
-12
86
-96
-47
-41
27
85
-13
28
-34
43
-36
8
114
19
-42
39
14
-82
44
29
-80
45
17
16
8
127
-45
-49
-60
-89
21
12
-22
-12
64
-28
17
-12
-31
-16
-50
-129
-29
42
-22
-42
67
-66
-23
28
45
16
-63
-35
34
-18
-55
-20
-108
15
32
-37
0
-50
24
34
-43
37
88
-31
-6
-23
-9
-1
52
-32
-12
29
4
-14
-41
5
77
17
-96
-46
-33
-15
-37
-93
32
-27
-47
-17
57
-14
-10
-59
53
52
37
51
114
-48
-9
73
18
-17
-20
-5
-72
-108
-62
5
-23
41
-148
0
-8
0
-5
70
24
-69
-24
45
92
-31
-6
-48
-55
-24
-30
-30
48
-102
17
-17
25
-5
-9
39
-20
-102
104
42
83
28
48
-87
29
71
34
23
20
23
-1
-86
-71
120
-32
57
-63
-19
-35
45
-33
47
-44
26
37
73
6
15
-102
-11
-93
27
-10
-45
36
57
-45
46
-21
-13
-87
52
-30
83
-40
-32
16
29
-19
20
18
-100
-124
-14
35
20
6
-88
-75
-28
-36
34
0
-12
47
37
152
23
-12
-51
-27
88
-71
16
-103
-27
29
26
16
8
-47
13
26
23
-10
2
81
52
100
0
22
0
-36
-4
-39
-42
60
131
-75
74
-14
-47
34
3
-38
-2
49
13
-35
-4
-50
54
7
-17
26
46
65
11
33
9
147
6
136
17
-62
-72
-44
-73
-92
24
-40
-58
-76
41
-35
-91
-28
77
94
-17
-97
-17
-23
-65
15
71
-17
-8
-79
63
43
-8
14
58
4
-5
-7
44
-99
-74
-56
77
-63
-57
9
6
24
6
38
-77
-70
52
-67
37
3
41
58
18
-39
17
50
19
4
-62
-11
-90
34
22
36
0
-54
14
3
-23
-24
-26
